00000010000000000000
10000010000000000000
01000010000000000000
00100010000000000000
00010010000000000000
00001010000000000000
00000110000000000000
00000001000000000000
10000001000000000000
01000001000000000000
00100001000000000000
00010001000000000000
00001001000000000000
00000101000000000000
00000011000000000000
10000011000000000000
00000000100000000000
10000000100000000000
01000000100000000000
00000010100000000000
10000010100000000000
00000001100000000000
10000001100000000000
01000001100000000000
00000000010000000000
10000000010000000000
01000000010000000000
00000001010000000000
00000000110000000000
00000000001000000000
10000000001000000000
01000000001000000000
00000000101000000000
00000000011000000000
10000000011000000000
00000000000100000000
10000000000100000000
01000000000100000000
00000000010100000000
10000000010100000000
00000000001100000000
10000000001100000000
01000000001100000000
00000000000010000000
10000000000010000000
01000000000010000000
00000000001010000000
10000000001010000000
01000000001010000000
00000000000110000000
10000000000110000000
01000000000110000000
00000000000001000000
10000000000001000000
01000000000001000000
00000000000101000000
10000000000101000000
01000000000101000000
00000000000011000000
10000000000011000000
01000000000011000000
00000000000000100000
10000000000000100000
01000000000000100000
00000000000010100000
10000000000010100000
01000000000010100000
00000000000001100000
10000000000001100000
01000000000001100000
00000000000000010000
10000000000000010000
01000000000000010000
00000000000001010000
10000000000001010000
01000000000001010000
00000000000000110000
10000000000000110000
01000000000000110000
00000000000000001000
10000000000000001000
01000000000000001000
00000000000000101000
10000000000000101000
01000000000000101000
00000000000000011000
10000000000000011000
01000000000000011000
00000000000000000100
10000000000000000100
01000000000000000100
00000000000000010100
10000000000000010100
01000000000000010100
00000000000000001100
10000000000000001100
01000000000000001100
00000000000000000010
10000000000000000010
01000000000000000010
00000000000000001010
10000000000000001010
01000000000000001010
00000000000000000110
10000000000000000110
01000000000000000110
00000000000000000001
10000000000000000001
01000000000000000001
00000000000000000101
10000000000000000101
01000000000000000101
00000000000000000011
10000000000000000011
01000000000000000011
