00100000100000000000
00010000100000000000
00001000100000000000
00000100100000000000
00100000010000000000
00010000010000000000
00001000010000000000
00000100010000000000
00000010010000000000
10000010010000000000
10000001010000000000
01000001010000000000
10000000110000000000
01000000110000000000
00100000110000000000
00100000001000000000
00010000001000000000
00001000001000000000
00000100001000000000
00000010001000000000
10000010001000000000
00000001001000000000
10000001001000000000
01000001001000000000
10000000101000000000
01000000101000000000
00100000101000000000
01000000011000000000
00100000011000000000
00010000011000000000
00100000000100000000
00010000000100000000
00001000000100000000
00000100000100000000
00000010000100000000
10000010000100000000
00000001000100000000
10000001000100000000
01000001000100000000
00000000100100000000
10000000100100000000
01000000100100000000
00100000100100000000
01000000010100000000
00100000010100000000
00010000010100000000
00100000001100000000
00010000001100000000
00001000001100000000
00100000000010000000
00010000000010000000
00001000000010000000
00000100000010000000
00000010000010000000
10000010000010000000
00000001000010000000
10000001000010000000
01000001000010000000
00000000100010000000
10000000100010000000
01000000100010000000
00100000100010000000
00000000010010000000
10000000010010000000
01000000010010000000
00100000010010000000
00010000010010000000
00100000001010000000
00010000001010000000
00001000001010000000
00100000000110000000
00010000000110000000
00001000000110000000
00000100000110000000
00100000000001000000
00010000000001000000
00001000000001000000
00000100000001000000
00000010000001000000
10000010000001000000
00000001000001000000
10000001000001000000
01000001000001000000
00000000100001000000
10000000100001000000
01000000100001000000
00100000100001000000
00000000010001000000
10000000010001000000
01000000010001000000
00100000010001000000
00010000010001000000
00000000001001000000
10000000001001000000
01000000001001000000
00100000001001000000
00010000001001000000
00001000001001000000
00100000000101000000
00010000000101000000
00001000000101000000
00000100000101000000
00100000000011000000
00010000000011000000
00001000000011000000
00000100000011000000
00000010000011000000
10000010000011000000
00100000000000100000
00010000000000100000
00001000000000100000
00000100000000100000
00000010000000100000
10000010000000100000
00000001000000100000
10000001000000100000
01000001000000100000
00000000100000100000
10000000100000100000
01000000100000100000
00100000100000100000
00000000010000100000
10000000010000100000
01000000010000100000
00100000010000100000
00010000010000100000
00000000001000100000
10000000001000100000
01000000001000100000
00100000001000100000
00010000001000100000
00001000001000100000
00000000000100100000
10000000000100100000
01000000000100100000
00100000000100100000
00010000000100100000
00001000000100100000
00000100000100100000
00100000000010100000
00010000000010100000
00001000000010100000
00000100000010100000
00000010000010100000
10000010000010100000
00100000000001100000
00010000000001100000
00001000000001100000
00000100000001100000
00000010000001100000
10000010000001100000
00000001000001100000
10000001000001100000
01000001000001100000
00100000000000010000
00010000000000010000
00001000000000010000
00000100000000010000
00000010000000010000
10000010000000010000
00000001000000010000
10000001000000010000
01000001000000010000
00000000100000010000
10000000100000010000
01000000100000010000
00100000100000010000
00000000010000010000
10000000010000010000
01000000010000010000
00100000010000010000
00010000010000010000
00000000001000010000
10000000001000010000
01000000001000010000
00100000001000010000
00010000001000010000
00001000001000010000
00000000000100010000
10000000000100010000
01000000000100010000
00100000000100010000
00010000000100010000
00001000000100010000
00000100000100010000
00000000000010010000
10000000000010010000
01000000000010010000
00100000000010010000
00010000000010010000
00001000000010010000
00000100000010010000
00000010000010010000
10000010000010010000
00100000000001010000
00010000000001010000
00001000000001010000
00000100000001010000
00000010000001010000
10000010000001010000
00000001000001010000
10000001000001010000
01000001000001010000
00100000000000110000
00010000000000110000
00001000000000110000
00000100000000110000
00000010000000110000
10000010000000110000
00000001000000110000
10000001000000110000
01000001000000110000
00000000100000110000
10000000100000110000
01000000100000110000
00100000100000110000
00100000000000001000
00010000000000001000
00001000000000001000
00000100000000001000
00000010000000001000
10000010000000001000
00000001000000001000
10000001000000001000
01000001000000001000
00000000100000001000
10000000100000001000
01000000100000001000
00100000100000001000
00000000010000001000
10000000010000001000
01000000010000001000
00100000010000001000
00010000010000001000
00000000001000001000
10000000001000001000
01000000001000001000
00100000001000001000
00010000001000001000
00001000001000001000
00000000000100001000
10000000000100001000
01000000000100001000
00100000000100001000
00010000000100001000
00001000000100001000
00000100000100001000
00000000000010001000
10000000000010001000
01000000000010001000
00100000000010001000
00010000000010001000
00001000000010001000
00000100000010001000
00000010000010001000
10000010000010001000
00000000000001001000
10000000000001001000
01000000000001001000
00100000000001001000
00010000000001001000
00001000000001001000
00000100000001001000
00000010000001001000
10000010000001001000
00000001000001001000
10000001000001001000
01000001000001001000
00100000000000101000
00010000000000101000
00001000000000101000
00000100000000101000
00000010000000101000
10000010000000101000
00000001000000101000
10000001000000101000
01000001000000101000
00000000100000101000
10000000100000101000
01000000100000101000
00100000100000101000
00100000000000011000
00010000000000011000
00001000000000011000
00000100000000011000
00000010000000011000
10000010000000011000
00000001000000011000
10000001000000011000
01000001000000011000
00000000100000011000
10000000100000011000
01000000100000011000
00100000100000011000
00000000010000011000
10000000010000011000
01000000010000011000
00100000010000011000
00010000010000011000
00100000000000000100
00010000000000000100
00001000000000000100
00000100000000000100
00000010000000000100
10000010000000000100
00000001000000000100
10000001000000000100
01000001000000000100
00000000100000000100
10000000100000000100
01000000100000000100
00100000100000000100
00000000010000000100
10000000010000000100
01000000010000000100
00100000010000000100
00010000010000000100
00000000001000000100
10000000001000000100
01000000001000000100
00100000001000000100
00010000001000000100
00001000001000000100
00000000000100000100
10000000000100000100
01000000000100000100
00100000000100000100
00010000000100000100
00001000000100000100
00000100000100000100
00000000000010000100
10000000000010000100
01000000000010000100
00100000000010000100
00010000000010000100
00001000000010000100
00000100000010000100
00000010000010000100
10000010000010000100
00000000000001000100
10000000000001000100
01000000000001000100
00100000000001000100
00010000000001000100
00001000000001000100
00000100000001000100
00000010000001000100
10000010000001000100
00000001000001000100
10000001000001000100
01000001000001000100
00000000000000100100
10000000000000100100
01000000000000100100
00100000000000100100
00010000000000100100
00001000000000100100
00000100000000100100
00000010000000100100
10000010000000100100
00000001000000100100
10000001000000100100
01000001000000100100
00000000100000100100
10000000100000100100
01000000100000100100
00100000100000100100
00100000000000010100
00010000000000010100
00001000000000010100
00000100000000010100
00000010000000010100
10000010000000010100
00000001000000010100
10000001000000010100
01000001000000010100
00000000100000010100
10000000100000010100
01000000100000010100
00100000100000010100
00000000010000010100
10000000010000010100
01000000010000010100
00100000010000010100
00010000010000010100
00100000000000001100
00010000000000001100
00001000000000001100
00000100000000001100
00000010000000001100
10000010000000001100
00000001000000001100
10000001000000001100
01000001000000001100
00000000100000001100
10000000100000001100
01000000100000001100
00100000100000001100
00000000010000001100
10000000010000001100
01000000010000001100
00100000010000001100
00010000010000001100
00000000001000001100
10000000001000001100
01000000001000001100
00100000001000001100
00010000001000001100
00001000001000001100
00100000000000000010
00010000000000000010
00001000000000000010
00000100000000000010
00000010000000000010
10000010000000000010
00000001000000000010
10000001000000000010
01000001000000000010
00000000100000000010
10000000100000000010
01000000100000000010
00100000100000000010
00000000010000000010
10000000010000000010
01000000010000000010
00100000010000000010
00010000010000000010
00000000001000000010
10000000001000000010
01000000001000000010
00100000001000000010
00010000001000000010
00001000001000000010
00000000000100000010
10000000000100000010
01000000000100000010
00100000000100000010
00010000000100000010
00001000000100000010
00000100000100000010
00000000000010000010
10000000000010000010
01000000000010000010
00100000000010000010
00010000000010000010
00001000000010000010
00000100000010000010
00000010000010000010
10000010000010000010
00000000000001000010
10000000000001000010
01000000000001000010
00100000000001000010
00010000000001000010
00001000000001000010
00000100000001000010
00000010000001000010
10000010000001000010
00000001000001000010
10000001000001000010
01000001000001000010
00000000000000100010
10000000000000100010
01000000000000100010
00100000000000100010
00010000000000100010
00001000000000100010
00000100000000100010
00000010000000100010
10000010000000100010
00000001000000100010
10000001000000100010
01000001000000100010
00000000100000100010
10000000100000100010
01000000100000100010
00100000100000100010
00000000000000010010
10000000000000010010
01000000000000010010
00100000000000010010
00010000000000010010
00001000000000010010
00000100000000010010
00000010000000010010
10000010000000010010
00000001000000010010
10000001000000010010
01000001000000010010
00000000100000010010
10000000100000010010
01000000100000010010
00100000100000010010
00000000010000010010
10000000010000010010
01000000010000010010
00100000010000010010
00010000010000010010
00100000000000001010
00010000000000001010
00001000000000001010
00000100000000001010
00000010000000001010
10000010000000001010
00000001000000001010
10000001000000001010
01000001000000001010
00000000100000001010
10000000100000001010
01000000100000001010
00100000100000001010
00000000010000001010
10000000010000001010
01000000010000001010
00100000010000001010
00010000010000001010
00000000001000001010
10000000001000001010
01000000001000001010
00100000001000001010
00010000001000001010
00001000001000001010
00100000000000000110
00010000000000000110
00001000000000000110
00000100000000000110
00000010000000000110
10000010000000000110
00000001000000000110
10000001000000000110
01000001000000000110
00000000100000000110
10000000100000000110
01000000100000000110
00100000100000000110
00000000010000000110
10000000010000000110
01000000010000000110
00100000010000000110
00010000010000000110
00000000001000000110
10000000001000000110
01000000001000000110
00100000001000000110
00010000001000000110
00001000001000000110
00000000000100000110
10000000000100000110
01000000000100000110
00100000000100000110
00010000000100000110
00001000000100000110
00000100000100000110
00100000000000000001
00010000000000000001
00001000000000000001
00000100000000000001
00000010000000000001
10000010000000000001
00000001000000000001
10000001000000000001
01000001000000000001
00000000100000000001
10000000100000000001
01000000100000000001
00100000100000000001
00000000010000000001
10000000010000000001
01000000010000000001
00100000010000000001
00010000010000000001
00000000001000000001
10000000001000000001
01000000001000000001
00100000001000000001
00010000001000000001
00001000001000000001
00000000000100000001
10000000000100000001
01000000000100000001
00100000000100000001
00010000000100000001
00001000000100000001
00000100000100000001
00000000000010000001
10000000000010000001
01000000000010000001
00100000000010000001
00010000000010000001
00001000000010000001
00000100000010000001
00000010000010000001
10000010000010000001
00000000000001000001
10000000000001000001
01000000000001000001
00100000000001000001
00010000000001000001
00001000000001000001
00000100000001000001
00000010000001000001
10000010000001000001
00000001000001000001
10000001000001000001
01000001000001000001
00000000000000100001
10000000000000100001
01000000000000100001
00100000000000100001
00010000000000100001
00001000000000100001
00000100000000100001
00000010000000100001
10000010000000100001
00000001000000100001
10000001000000100001
01000001000000100001
00000000100000100001
10000000100000100001
01000000100000100001
00100000100000100001
00000000000000010001
10000000000000010001
01000000000000010001
00100000000000010001
00010000000000010001
00001000000000010001
00000100000000010001
00000010000000010001
10000010000000010001
00000001000000010001
10000001000000010001
01000001000000010001
00000000100000010001
10000000100000010001
01000000100000010001
00100000100000010001
00000000010000010001
10000000010000010001
01000000010000010001
00100000010000010001
00010000010000010001
00000000000000001001
10000000000000001001
01000000000000001001
00100000000000001001
00010000000000001001
00001000000000001001
00000100000000001001
00000010000000001001
10000010000000001001
00000001000000001001
10000001000000001001
01000001000000001001
00000000100000001001
10000000100000001001
01000000100000001001
00100000100000001001
00000000010000001001
10000000010000001001
01000000010000001001
00100000010000001001
00010000010000001001
00000000001000001001
10000000001000001001
01000000001000001001
00100000001000001001
00010000001000001001
00001000001000001001
00100000000000000101
00010000000000000101
00001000000000000101
00000100000000000101
00000010000000000101
10000010000000000101
00000001000000000101
10000001000000000101
01000001000000000101
00000000100000000101
10000000100000000101
01000000100000000101
00100000100000000101
00000000010000000101
10000000010000000101
01000000010000000101
00100000010000000101
00010000010000000101
00000000001000000101
10000000001000000101
01000000001000000101
00100000001000000101
00010000001000000101
00001000001000000101
00000000000100000101
10000000000100000101
01000000000100000101
00100000000100000101
00010000000100000101
00001000000100000101
00000100000100000101
00100000000000000011
00010000000000000011
00001000000000000011
00000100000000000011
00000010000000000011
10000010000000000011
00000001000000000011
10000001000000000011
01000001000000000011
00000000100000000011
10000000100000000011
01000000100000000011
00100000100000000011
00000000010000000011
10000000010000000011
01000000010000000011
00100000010000000011
00010000010000000011
00000000001000000011
10000000001000000011
01000000001000000011
00100000001000000011
00010000001000000011
00001000001000000011
00000000000100000011
10000000000100000011
01000000000100000011
00100000000100000011
00010000000100000011
00001000000100000011
00000100000100000011
00000000000010000011
10000000000010000011
01000000000010000011
00100000000010000011
00010000000010000011
00001000000010000011
00000100000010000011
00000010000010000011
10000010000010000011
