11000010000000000000
10100010000000000000
01100010000000000000
10010010000000000000
01010010000000000000
00110010000000000000
10001010000000000000
01001010000000000000
00101010000000000000
00011010000000000000
10000110000000000000
01000110000000000000
00100110000000000000
00010110000000000000
00001110000000000000
11000001000000000000
10100001000000000000
10010001000000000000
10001001000000000000
10000101000000000000
01000011000000000000
11000011000000000000
00100011000000000000
10100011000000000000
00010011000000000000
10010011000000000000
00001011000000000000
10001011000000000000
00000111000000000000
10000111000000000000
11000000100000000000
01000010100000000000
11000010100000000000
11000001100000000000
00000011100000000000
10000011100000000000
01000011100000000000
11000011100000000000
11000000010000000000
00000001110000000000
11000000001000000000
00000000111000000000
11000000000100000000
11000000001100000000
00000000011100000000
10000000011100000000
11000000000010000000
11000000001010000000
11000000000110000000
00000000001110000000
10000000001110000000
01000000001110000000
11000000001110000000
11000000000001000000
11000000001001000000
11000000000101000000
11000000000011000000
00000000000111000000
10000000000111000000
01000000000111000000
11000000000111000000
00100000000111000000
11000000000000100000
11000000001000100000
11000000000100100000
11000000000010100000
11000000000001100000
00000000000011100000
10000000000011100000
01000000000011100000
11000000000011100000
00100000000011100000
00010000000011100000
11000000000000010000
11000000001000010000
11000000000100010000
11000000000010010000
11000000000001010000
11000000000000110000
00000000000001110000
10000000000001110000
01000000000001110000
11000000000001110000
00100000000001110000
00010000000001110000
00001000000001110000
11000000000000001000
11000000001000001000
11000000000100001000
11000000000010001000
11000000000001001000
11000000000000101000
11000000000000011000
00000000000000111000
10000000000000111000
01000000000000111000
11000000000000111000
00100000000000111000
00010000000000111000
00001000000000111000
00000100000000111000
11000000000000000100
11000000001000000100
11000000000100000100
11000000000010000100
11000000000001000100
11000000000000100100
11000000000000010100
11000000000000001100
11000000001000001100
00000000000000011100
10000000000000011100
01000000000000011100
11000000000000011100
00100000000000011100
00010000000000011100
00001000000000011100
00000100000000011100
00000010000000011100
10000010000000011100
11000000000000000010
11000000001000000010
11000000000100000010
11000000000010000010
11000000000001000010
11000000000000100010
11000000000000010010
11000000000000001010
11000000001000001010
11000000000000000110
11000000001000000110
11000000000100000110
00000000000000001110
10000000000000001110
01000000000000001110
11000000000000001110
00100000000000001110
00010000000000001110
00001000000000001110
00000100000000001110
00000010000000001110
10000010000000001110
00000001000000001110
10000001000000001110
01000001000000001110
11000000000000000001
11000000001000000001
11000000000100000001
11000000000010000001
11000000000001000001
11000000000000100001
11000000000000010001
11000000000000001001
11000000001000001001
11000000000000000101
11000000001000000101
11000000000100000101
11000000000000000011
11000000001000000011
11000000000100000011
11000000000010000011
00000000000000000111
10000000000000000111
01000000000000000111
11000000000000000111
00100000000000000111
00010000000000000111
00001000000000000111
00000100000000000111
00000010000000000111
10000010000000000111
00000001000000000111
10000001000000000111
01000001000000000111
00000000100000000111
10000000100000000111
01000000100000000111
00100000100000000111
