01100001000000000000
01010001000000000000
00110001000000000000
01001001000000000000
00101001000000000000
00011001000000000000
01000101000000000000
00100101000000000000
00010101000000000000
00001101000000000000
10100000100000000000
01100000100000000000
10010000100000000000
01010000100000000000
10001000100000000000
01001000100000000000
10000100100000000000
01000100100000000000
00100010100000000000
10100010100000000000
00010010100000000000
10010010100000000000
00001010100000000000
10001010100000000000
00000110100000000000
10000110100000000000
00100001100000000000
10100001100000000000
01100001100000000000
00010001100000000000
10010001100000000000
01010001100000000000
00001001100000000000
10001001100000000000
01001001100000000000
00000101100000000000
10000101100000000000
01000101100000000000
10100000010000000000
01100000010000000000
10010000010000000000
01010000010000000000
10001000010000000000
01001000010000000000
10000100010000000000
01000100010000000000
01000010010000000000
11000010010000000000
00100010010000000000
10100010010000000000
11000001010000000000
00100001010000000000
10100001010000000000
01100001010000000000
00010001010000000000
00001001010000000000
00000101010000000000
00000011010000000000
10000011010000000000
01000011010000000000
11000011010000000000
11000000110000000000
10100000110000000000
01100000110000000000
00010000110000000000
00001000110000000000
00000100110000000000
00000010110000000000
10000010110000000000
01000010110000000000
11000010110000000000
00100010110000000000
10100010110000000000
10000001110000000000
01000001110000000000
11000001110000000000
00100001110000000000
10100001110000000000
01100001110000000000
10100000001000000000
01100000001000000000
10010000001000000000
01010000001000000000
10001000001000000000
01001000001000000000
10000100001000000000
01000100001000000000
01000010001000000000
11000010001000000000
00100010001000000000
10100010001000000000
11000001001000000000
00100001001000000000
10100001001000000000
01100001001000000000
00010001001000000000
11000000101000000000
10100000101000000000
01100000101000000000
00010000101000000000
00001000101000000000
00000100101000000000
00000010101000000000
10000010101000000000
00000001101000000000
10000001101000000000
01000001101000000000
00100001101000000000
11000000011000000000
10100000011000000000
01100000011000000000
10010000011000000000
01010000011000000000
00001000011000000000
10001000011000000000
00000100011000000000
10000100011000000000
00000010011000000000
10000010011000000000
00000001011000000000
10000001011000000000
01000001011000000000
00100001011000000000
00010001011000000000
10000000111000000000
01000000111000000000
00100000111000000000
00010000111000000000
10100000000100000000
01100000000100000000
10010000000100000000
01010000000100000000
10001000000100000000
01001000000100000000
10000100000100000000
01000100000100000000
01000010000100000000
11000010000100000000
00100010000100000000
10100010000100000000
11000001000100000000
00100001000100000000
10100001000100000000
01100001000100000000
00010001000100000000
11000000100100000000
10100000100100000000
01100000100100000000
00010000100100000000
00001000100100000000
11000000010100000000
10100000010100000000
01100000010100000000
10010000010100000000
01010000010100000000
00001000010100000000
10001000010100000000
00000100010100000000
10000100010100000000
00000010010100000000
10000010010100000000
00000001010100000000
10000001010100000000
01000001010100000000
00000000110100000000
10000000110100000000
01000000110100000000
00100000110100000000
00010000110100000000
10100000001100000000
01100000001100000000
10010000001100000000
01010000001100000000
10001000001100000000
01001000001100000000
00000100001100000000
10000100001100000000
01000100001100000000
00000010001100000000
10000010001100000000
01000010001100000000
11000010001100000000
00000001001100000000
10000001001100000000
01000001001100000000
11000001001100000000
00000000101100000000
10000000101100000000
01000000101100000000
11000000101100000000
00100000101100000000
10100000101100000000
00010000101100000000
00001000101100000000
01000000011100000000
11000000011100000000
00100000011100000000
10100000011100000000
00010000011100000000
10010000011100000000
00001000011100000000
10001000011100000000
10100000000010000000
01100000000010000000
10010000000010000000
01010000000010000000
10001000000010000000
01001000000010000000
10000100000010000000
01000100000010000000
01000010000010000000
11000010000010000000
00100010000010000000
10100010000010000000
11000001000010000000
00100001000010000000
10100001000010000000
01100001000010000000
00010001000010000000
11000000100010000000
10100000100010000000
01100000100010000000
00010000100010000000
00001000100010000000
11000000010010000000
10100000010010000000
01100000010010000000
10010000010010000000
01010000010010000000
00001000010010000000
10001000010010000000
00000100010010000000
10000100010010000000
10100000001010000000
01100000001010000000
10010000001010000000
01010000001010000000
10001000001010000000
01001000001010000000
00000100001010000000
10000100001010000000
01000100001010000000
00000010001010000000
10000010001010000000
01000010001010000000
11000010001010000000
00000001001010000000
10000001001010000000
01000001001010000000
11000001001010000000
00000000101010000000
10000000101010000000
01000000101010000000
11000000101010000000
00100000101010000000
10100000101010000000
00000000011010000000
10000000011010000000
01000000011010000000
11000000011010000000
00100000011010000000
10100000011010000000
00010000011010000000
10010000011010000000
00001000011010000000
10001000011010000000
10100000000110000000
01100000000110000000
10010000000110000000
01010000000110000000
10001000000110000000
01001000000110000000
10000100000110000000
01000100000110000000
00000010000110000000
10000010000110000000
01000010000110000000
11000010000110000000
00100010000110000000
10100010000110000000
00000001000110000000
10000001000110000000
01000001000110000000
11000001000110000000
00100001000110000000
10100001000110000000
01100001000110000000
00000000100110000000
10000000100110000000
01000000100110000000
11000000100110000000
00100000100110000000
10100000100110000000
01100000100110000000
00000000010110000000
10000000010110000000
01000000010110000000
11000000010110000000
00100000010110000000
10100000010110000000
01100000010110000000
00010000010110000000
10010000010110000000
01010000010110000000
00001000010110000000
10001000010110000000
00000100010110000000
10000100010110000000
00100000001110000000
10100000001110000000
01100000001110000000
00010000001110000000
10010000001110000000
01010000001110000000
00001000001110000000
10001000001110000000
01001000001110000000
00000100001110000000
10000100001110000000
01000100001110000000
10100000000001000000
01100000000001000000
10010000000001000000
01010000000001000000
10001000000001000000
01001000000001000000
10000100000001000000
01000100000001000000
01000010000001000000
11000010000001000000
00100010000001000000
10100010000001000000
11000001000001000000
00100001000001000000
10100001000001000000
01100001000001000000
00010001000001000000
11000000100001000000
10100000100001000000
01100000100001000000
00010000100001000000
00001000100001000000
11000000010001000000
10100000010001000000
01100000010001000000
10010000010001000000
01010000010001000000
00001000010001000000
10001000010001000000
00000100010001000000
10000100010001000000
10100000001001000000
01100000001001000000
10010000001001000000
01010000001001000000
10001000001001000000
01001000001001000000
00000100001001000000
10000100001001000000
01000100001001000000
00000010001001000000
10000010001001000000
01000010001001000000
11000010001001000000
10100000000101000000
01100000000101000000
10010000000101000000
01010000000101000000
10001000000101000000
01001000000101000000
10000100000101000000
01000100000101000000
00000010000101000000
10000010000101000000
01000010000101000000
11000010000101000000
00100010000101000000
10100010000101000000
00000001000101000000
10000001000101000000
01000001000101000000
11000001000101000000
00100001000101000000
10100001000101000000
01100001000101000000
00000000100101000000
10000000100101000000
01000000100101000000
11000000100101000000
00100000100101000000
10100000100101000000
01100000100101000000
00000000010101000000
10000000010101000000
01000000010101000000
11000000010101000000
00100000010101000000
10100000010101000000
01100000010101000000
00010000010101000000
10010000010101000000
01010000010101000000
00000000001101000000
10000000001101000000
01000000001101000000
11000000001101000000
00100000001101000000
10100000001101000000
01100000001101000000
00010000001101000000
10010000001101000000
01010000001101000000
00001000001101000000
10001000001101000000
01001000001101000000
00000100001101000000
10000100001101000000
01000100001101000000
10100000000011000000
01100000000011000000
10010000000011000000
01010000000011000000
10001000000011000000
01001000000011000000
10000100000011000000
01000100000011000000
01000010000011000000
11000010000011000000
00100010000011000000
10100010000011000000
00000001000011000000
10000001000011000000
01000001000011000000
11000001000011000000
00100001000011000000
10100001000011000000
01100001000011000000
00010001000011000000
00000000100011000000
10000000100011000000
01000000100011000000
11000000100011000000
00100000100011000000
10100000100011000000
01100000100011000000
00010000100011000000
00000000010011000000
10000000010011000000
01000000010011000000
11000000010011000000
00100000010011000000
10100000010011000000
01100000010011000000
00010000010011000000
10010000010011000000
01010000010011000000
00000000001011000000
10000000001011000000
01000000001011000000
11000000001011000000
00100000001011000000
10100000001011000000
01100000001011000000
00010000001011000000
10010000001011000000
01010000001011000000
00001000001011000000
10001000001011000000
01001000001011000000
00000100001011000000
10000100001011000000
01000100001011000000
00000010001011000000
10000010001011000000
01000010001011000000
11000010001011000000
10100000000111000000
01100000000111000000
00010000000111000000
10010000000111000000
01010000000111000000
00001000000111000000
10001000000111000000
01001000000111000000
00000100000111000000
10000100000111000000
01000100000111000000
00000010000111000000
10000010000111000000
01000010000111000000
11000010000111000000
00100010000111000000
10100010000111000000
10100000000000100000
01100000000000100000
10010000000000100000
01010000000000100000
10001000000000100000
01001000000000100000
10000100000000100000
01000100000000100000
01000010000000100000
11000010000000100000
00100010000000100000
10100010000000100000
11000001000000100000
00100001000000100000
10100001000000100000
01100001000000100000
00010001000000100000
11000000100000100000
10100000100000100000
01100000100000100000
00010000100000100000
00001000100000100000
11000000010000100000
10100000010000100000
01100000010000100000
10010000010000100000
01010000010000100000
00001000010000100000
10001000010000100000
00000100010000100000
10000100010000100000
10100000001000100000
01100000001000100000
10010000001000100000
01010000001000100000
10001000001000100000
01001000001000100000
00000100001000100000
10000100001000100000
01000100001000100000
00000010001000100000
10000010001000100000
01000010001000100000
11000010001000100000
10100000000100100000
01100000000100100000
10010000000100100000
01010000000100100000
10001000000100100000
01001000000100100000
10000100000100100000
01000100000100100000
00000010000100100000
10000010000100100000
01000010000100100000
11000010000100100000
00100010000100100000
10100010000100100000
00000001000100100000
10000001000100100000
01000001000100100000
11000001000100100000
00100001000100100000
10100001000100100000
01100001000100100000
10100000000010100000
01100000000010100000
10010000000010100000
01010000000010100000
10001000000010100000
01001000000010100000
10000100000010100000
01000100000010100000
01000010000010100000
11000010000010100000
00100010000010100000
10100010000010100000
00000001000010100000
10000001000010100000
01000001000010100000
11000001000010100000
00100001000010100000
10100001000010100000
01100001000010100000
00010001000010100000
00000000100010100000
10000000100010100000
01000000100010100000
11000000100010100000
00100000100010100000
10100000100010100000
01100000100010100000
00010000100010100000
00000000010010100000
10000000010010100000
01000000010010100000
11000000010010100000
00100000010010100000
10100000010010100000
01100000010010100000
00010000010010100000
10010000010010100000
01010000010010100000
00000000001010100000
10000000001010100000
01000000001010100000
11000000001010100000
00100000001010100000
10100000001010100000
01100000001010100000
00010000001010100000
10010000001010100000
01010000001010100000
00001000001010100000
10001000001010100000
01001000001010100000
00000000000110100000
10000000000110100000
01000000000110100000
11000000000110100000
00100000000110100000
10100000000110100000
01100000000110100000
00010000000110100000
10010000000110100000
01010000000110100000
00001000000110100000
10001000000110100000
01001000000110100000
00000100000110100000
10000100000110100000
01000100000110100000
00000010000110100000
10000010000110100000
01000010000110100000
11000010000110100000
00100010000110100000
10100010000110100000
10100000000001100000
01100000000001100000
10010000000001100000
01010000000001100000
10001000000001100000
01001000000001100000
10000100000001100000
01000100000001100000
01000010000001100000
11000010000001100000
00100010000001100000
10100010000001100000
11000001000001100000
00100001000001100000
10100001000001100000
01100001000001100000
00010001000001100000
00000000100001100000
10000000100001100000
01000000100001100000
11000000100001100000
00100000100001100000
10100000100001100000
01100000100001100000
00010000100001100000
00001000100001100000
00000000010001100000
10000000010001100000
01000000010001100000
11000000010001100000
00100000010001100000
10100000010001100000
01100000010001100000
00010000010001100000
10010000010001100000
01010000010001100000
00001000010001100000
10001000010001100000
00000000001001100000
10000000001001100000
01000000001001100000
11000000001001100000
00100000001001100000
10100000001001100000
01100000001001100000
00010000001001100000
10010000001001100000
01010000001001100000
00001000001001100000
10001000001001100000
01001000001001100000
00000000000101100000
10000000000101100000
01000000000101100000
11000000000101100000
00100000000101100000
10100000000101100000
01100000000101100000
00010000000101100000
10010000000101100000
01010000000101100000
00001000000101100000
10001000000101100000
01001000000101100000
00000100000101100000
10000100000101100000
01000100000101100000
00000010000101100000
10000010000101100000
01000010000101100000
11000010000101100000
00100010000101100000
10100010000101100000
00000001000101100000
10000001000101100000
01000001000101100000
11000001000101100000
00100001000101100000
10100001000101100000
01100001000101100000
10100000000011100000
01100000000011100000
10010000000011100000
01010000000011100000
00001000000011100000
10001000000011100000
01001000000011100000
00000100000011100000
10000100000011100000
01000100000011100000
00000010000011100000
10000010000011100000
01000010000011100000
11000010000011100000
00100010000011100000
10100010000011100000
00000001000011100000
10000001000011100000
01000001000011100000
11000001000011100000
00100001000011100000
10100001000011100000
01100001000011100000
00010001000011100000
10100000000000010000
01100000000000010000
10010000000000010000
01010000000000010000
10001000000000010000
01001000000000010000
10000100000000010000
01000100000000010000
01000010000000010000
11000010000000010000
00100010000000010000
10100010000000010000
11000001000000010000
00100001000000010000
10100001000000010000
01100001000000010000
00010001000000010000
11000000100000010000
10100000100000010000
01100000100000010000
00010000100000010000
00001000100000010000
11000000010000010000
10100000010000010000
01100000010000010000
10010000010000010000
01010000010000010000
00001000010000010000
10001000010000010000
00000100010000010000
10000100010000010000
10100000001000010000
01100000001000010000
10010000001000010000
01010000001000010000
10001000001000010000
01001000001000010000
00000100001000010000
10000100001000010000
01000100001000010000
00000010001000010000
10000010001000010000
01000010001000010000
11000010001000010000
10100000000100010000
01100000000100010000
10010000000100010000
01010000000100010000
10001000000100010000
01001000000100010000
10000100000100010000
01000100000100010000
00000010000100010000
10000010000100010000
01000010000100010000
11000010000100010000
00100010000100010000
10100010000100010000
00000001000100010000
10000001000100010000
01000001000100010000
11000001000100010000
00100001000100010000
10100001000100010000
01100001000100010000
10100000000010010000
01100000000010010000
10010000000010010000
01010000000010010000
10001000000010010000
01001000000010010000
10000100000010010000
01000100000010010000
01000010000010010000
11000010000010010000
00100010000010010000
10100010000010010000
00000001000010010000
10000001000010010000
01000001000010010000
11000001000010010000
00100001000010010000
10100001000010010000
01100001000010010000
00010001000010010000
00000000100010010000
10000000100010010000
01000000100010010000
11000000100010010000
00100000100010010000
10100000100010010000
01100000100010010000
00010000100010010000
10100000000001010000
01100000000001010000
10010000000001010000
01010000000001010000
10001000000001010000
01001000000001010000
10000100000001010000
01000100000001010000
01000010000001010000
11000010000001010000
00100010000001010000
10100010000001010000
11000001000001010000
00100001000001010000
10100001000001010000
01100001000001010000
00010001000001010000
00000000100001010000
10000000100001010000
01000000100001010000
11000000100001010000
00100000100001010000
10100000100001010000
01100000100001010000
00010000100001010000
00001000100001010000
00000000010001010000
10000000010001010000
01000000010001010000
11000000010001010000
00100000010001010000
10100000010001010000
01100000010001010000
00010000010001010000
10010000010001010000
01010000010001010000
00001000010001010000
10001000010001010000
00000000001001010000
10000000001001010000
01000000001001010000
11000000001001010000
00100000001001010000
10100000001001010000
01100000001001010000
00010000001001010000
10010000001001010000
01010000001001010000
00001000001001010000
10001000001001010000
01001000001001010000
00000000000101010000
10000000000101010000
01000000000101010000
11000000000101010000
00100000000101010000
10100000000101010000
01100000000101010000
00010000000101010000
10010000000101010000
01010000000101010000
00001000000101010000
10001000000101010000
01001000000101010000
00000100000101010000
10000100000101010000
01000100000101010000
00000000000011010000
10000000000011010000
01000000000011010000
11000000000011010000
00100000000011010000
10100000000011010000
01100000000011010000
00010000000011010000
10010000000011010000
01010000000011010000
00001000000011010000
10001000000011010000
01001000000011010000
00000100000011010000
10000100000011010000
01000100000011010000
00000010000011010000
10000010000011010000
01000010000011010000
11000010000011010000
00100010000011010000
10100010000011010000
00000001000011010000
10000001000011010000
01000001000011010000
11000001000011010000
00100001000011010000
10100001000011010000
01100001000011010000
00010001000011010000
10100000000000110000
01100000000000110000
10010000000000110000
01010000000000110000
10001000000000110000
01001000000000110000
10000100000000110000
01000100000000110000
01000010000000110000
11000010000000110000
00100010000000110000
10100010000000110000
11000001000000110000
00100001000000110000
10100001000000110000
01100001000000110000
00010001000000110000
11000000100000110000
10100000100000110000
01100000100000110000
00010000100000110000
00001000100000110000
00000000010000110000
10000000010000110000
01000000010000110000
11000000010000110000
00100000010000110000
10100000010000110000
01100000010000110000
00010000010000110000
10010000010000110000
01010000010000110000
00001000010000110000
10001000010000110000
00000100010000110000
10000100010000110000
00000000001000110000
10000000001000110000
01000000001000110000
11000000001000110000
00100000001000110000
10100000001000110000
01100000001000110000
00010000001000110000
10010000001000110000
01010000001000110000
00001000001000110000
10001000001000110000
01001000001000110000
00000100001000110000
10000100001000110000
01000100001000110000
00000000000100110000
10000000000100110000
01000000000100110000
11000000000100110000
00100000000100110000
10100000000100110000
01100000000100110000
00010000000100110000
10010000000100110000
01010000000100110000
00001000000100110000
10001000000100110000
01001000000100110000
00000100000100110000
10000100000100110000
01000100000100110000
00000000000010110000
10000000000010110000
01000000000010110000
11000000000010110000
00100000000010110000
10100000000010110000
01100000000010110000
00010000000010110000
10010000000010110000
01010000000010110000
00001000000010110000
10001000000010110000
01001000000010110000
00000100000010110000
10000100000010110000
01000100000010110000
00000010000010110000
10000010000010110000
01000010000010110000
11000010000010110000
00100010000010110000
10100010000010110000
00000001000010110000
10000001000010110000
01000001000010110000
11000001000010110000
00100001000010110000
10100001000010110000
01100001000010110000
00010001000010110000
00000000100010110000
10000000100010110000
01000000100010110000
11000000100010110000
00100000100010110000
10100000100010110000
01100000100010110000
00010000100010110000
10100000000001110000
01100000000001110000
10010000000001110000
01010000000001110000
10001000000001110000
01001000000001110000
00000100000001110000
10000100000001110000
01000100000001110000
00000010000001110000
10000010000001110000
01000010000001110000
11000010000001110000
00100010000001110000
10100010000001110000
00000001000001110000
10000001000001110000
01000001000001110000
11000001000001110000
00100001000001110000
10100001000001110000
01100001000001110000
00010001000001110000
00000000100001110000
10000000100001110000
01000000100001110000
11000000100001110000
00100000100001110000
10100000100001110000
01100000100001110000
00010000100001110000
00001000100001110000
10100000000000001000
01100000000000001000
10010000000000001000
01010000000000001000
10001000000000001000
01001000000000001000
10000100000000001000
01000100000000001000
01000010000000001000
11000010000000001000
00100010000000001000
10100010000000001000
11000001000000001000
00100001000000001000
10100001000000001000
01100001000000001000
00010001000000001000
11000000100000001000
10100000100000001000
01100000100000001000
00010000100000001000
00001000100000001000
11000000010000001000
10100000010000001000
01100000010000001000
10010000010000001000
01010000010000001000
00001000010000001000
10001000010000001000
00000100010000001000
10000100010000001000
10100000001000001000
01100000001000001000
10010000001000001000
01010000001000001000
10001000001000001000
01001000001000001000
00000100001000001000
10000100001000001000
01000100001000001000
00000010001000001000
10000010001000001000
01000010001000001000
11000010001000001000
10100000000100001000
01100000000100001000
10010000000100001000
01010000000100001000
10001000000100001000
01001000000100001000
10000100000100001000
01000100000100001000
00000010000100001000
10000010000100001000
01000010000100001000
11000010000100001000
00100010000100001000
10100010000100001000
00000001000100001000
10000001000100001000
01000001000100001000
11000001000100001000
00100001000100001000
10100001000100001000
01100001000100001000
10100000000010001000
01100000000010001000
10010000000010001000
01010000000010001000
10001000000010001000
01001000000010001000
10000100000010001000
01000100000010001000
01000010000010001000
11000010000010001000
00100010000010001000
10100010000010001000
00000001000010001000
10000001000010001000
01000001000010001000
11000001000010001000
00100001000010001000
10100001000010001000
01100001000010001000
00010001000010001000
00000000100010001000
10000000100010001000
01000000100010001000
11000000100010001000
00100000100010001000
10100000100010001000
01100000100010001000
00010000100010001000
10100000000001001000
01100000000001001000
10010000000001001000
01010000000001001000
10001000000001001000
01001000000001001000
10000100000001001000
01000100000001001000
01000010000001001000
11000010000001001000
00100010000001001000
10100010000001001000
11000001000001001000
00100001000001001000
10100001000001001000
01100001000001001000
00010001000001001000
00000000100001001000
10000000100001001000
01000000100001001000
11000000100001001000
00100000100001001000
10100000100001001000
01100000100001001000
00010000100001001000
00001000100001001000
00000000010001001000
10000000010001001000
01000000010001001000
11000000010001001000
00100000010001001000
10100000010001001000
01100000010001001000
00010000010001001000
10010000010001001000
01010000010001001000
00001000010001001000
10001000010001001000
10100000000000101000
01100000000000101000
10010000000000101000
01010000000000101000
10001000000000101000
01001000000000101000
10000100000000101000
01000100000000101000
01000010000000101000
11000010000000101000
00100010000000101000
10100010000000101000
11000001000000101000
00100001000000101000
10100001000000101000
01100001000000101000
00010001000000101000
11000000100000101000
10100000100000101000
01100000100000101000
00010000100000101000
00001000100000101000
00000000010000101000
10000000010000101000
01000000010000101000
11000000010000101000
00100000010000101000
10100000010000101000
01100000010000101000
00010000010000101000
10010000010000101000
01010000010000101000
00001000010000101000
10001000010000101000
00000100010000101000
10000100010000101000
00000000001000101000
10000000001000101000
01000000001000101000
11000000001000101000
00100000001000101000
10100000001000101000
01100000001000101000
00010000001000101000
10010000001000101000
01010000001000101000
00001000001000101000
10001000001000101000
01001000001000101000
00000100001000101000
10000100001000101000
01000100001000101000
00000000000100101000
10000000000100101000
01000000000100101000
11000000000100101000
00100000000100101000
10100000000100101000
01100000000100101000
00010000000100101000
10010000000100101000
01010000000100101000
00001000000100101000
10001000000100101000
01001000000100101000
00000100000100101000
10000100000100101000
01000100000100101000
00000000000010101000
10000000000010101000
01000000000010101000
11000000000010101000
00100000000010101000
10100000000010101000
01100000000010101000
00010000000010101000
10010000000010101000
01010000000010101000
00001000000010101000
10001000000010101000
01001000000010101000
00000100000010101000
10000100000010101000
01000100000010101000
00000010000010101000
10000010000010101000
01000010000010101000
11000010000010101000
00100010000010101000
10100010000010101000
00000000000001101000
10000000000001101000
01000000000001101000
11000000000001101000
00100000000001101000
10100000000001101000
01100000000001101000
00010000000001101000
10010000000001101000
01010000000001101000
00001000000001101000
10001000000001101000
01001000000001101000
00000100000001101000
10000100000001101000
01000100000001101000
00000010000001101000
10000010000001101000
01000010000001101000
11000010000001101000
00100010000001101000
10100010000001101000
00000001000001101000
10000001000001101000
01000001000001101000
11000001000001101000
00100001000001101000
10100001000001101000
01100001000001101000
00010001000001101000
00000000100001101000
10000000100001101000
01000000100001101000
11000000100001101000
00100000100001101000
10100000100001101000
01100000100001101000
00010000100001101000
00001000100001101000
10100000000000011000
01100000000000011000
10010000000000011000
01010000000000011000
10001000000000011000
01001000000000011000
10000100000000011000
01000100000000011000
01000010000000011000
11000010000000011000
00100010000000011000
10100010000000011000
11000001000000011000
00100001000000011000
10100001000000011000
01100001000000011000
00010001000000011000
11000000100000011000
10100000100000011000
01100000100000011000
00010000100000011000
00001000100000011000
11000000010000011000
10100000010000011000
01100000010000011000
10010000010000011000
01010000010000011000
00001000010000011000
10001000010000011000
00000100010000011000
10000100010000011000
00000000001000011000
10000000001000011000
01000000001000011000
11000000001000011000
00100000001000011000
10100000001000011000
01100000001000011000
00010000001000011000
10010000001000011000
01010000001000011000
00001000001000011000
10001000001000011000
01001000001000011000
00000100001000011000
10000100001000011000
01000100001000011000
00000010001000011000
10000010001000011000
01000010001000011000
11000010001000011000
00000000000100011000
10000000000100011000
01000000000100011000
11000000000100011000
00100000000100011000
10100000000100011000
01100000000100011000
00010000000100011000
10010000000100011000
01010000000100011000
00001000000100011000
10001000000100011000
01001000000100011000
00000100000100011000
10000100000100011000
01000100000100011000
00000010000100011000
10000010000100011000
01000010000100011000
11000010000100011000
00100010000100011000
10100010000100011000
00000000000010011000
10000000000010011000
01000000000010011000
11000000000010011000
00100000000010011000
10100000000010011000
01100000000010011000
00010000000010011000
10010000000010011000
01010000000010011000
00001000000010011000
10001000000010011000
01001000000010011000
00000100000010011000
10000100000010011000
01000100000010011000
00000010000010011000
10000010000010011000
01000010000010011000
11000010000010011000
00100010000010011000
10100010000010011000
00000000000001011000
10000000000001011000
01000000000001011000
11000000000001011000
00100000000001011000
10100000000001011000
01100000000001011000
00010000000001011000
10010000000001011000
01010000000001011000
00001000000001011000
10001000000001011000
01001000000001011000
00000100000001011000
10000100000001011000
01000100000001011000
00000010000001011000
10000010000001011000
01000010000001011000
11000010000001011000
00100010000001011000
10100010000001011000
00000001000001011000
10000001000001011000
01000001000001011000
11000001000001011000
00100001000001011000
10100001000001011000
01100001000001011000
00010001000001011000
00000000100001011000
10000000100001011000
01000000100001011000
11000000100001011000
00100000100001011000
10100000100001011000
01100000100001011000
00010000100001011000
00001000100001011000
00000000010001011000
10000000010001011000
01000000010001011000
11000000010001011000
00100000010001011000
10100000010001011000
01100000010001011000
00010000010001011000
10010000010001011000
01010000010001011000
00001000010001011000
10001000010001011000
10100000000000111000
01100000000000111000
10010000000000111000
01010000000000111000
10001000000000111000
01001000000000111000
10000100000000111000
01000100000000111000
00000010000000111000
10000010000000111000
01000010000000111000
11000010000000111000
00100010000000111000
10100010000000111000
00000001000000111000
10000001000000111000
01000001000000111000
11000001000000111000
00100001000000111000
10100001000000111000
01100001000000111000
00010001000000111000
00000000100000111000
10000000100000111000
01000000100000111000
11000000100000111000
00100000100000111000
10100000100000111000
01100000100000111000
00010000100000111000
00001000100000111000
00000000010000111000
10000000010000111000
01000000010000111000
11000000010000111000
00100000010000111000
10100000010000111000
01100000010000111000
00010000010000111000
10010000010000111000
01010000010000111000
00001000010000111000
10001000010000111000
00000100010000111000
10000100010000111000
10100000000000000100
01100000000000000100
10010000000000000100
01010000000000000100
10001000000000000100
01001000000000000100
10000100000000000100
01000100000000000100
01000010000000000100
11000010000000000100
00100010000000000100
10100010000000000100
11000001000000000100
00100001000000000100
10100001000000000100
01100001000000000100
00010001000000000100
11000000100000000100
10100000100000000100
01100000100000000100
00010000100000000100
00001000100000000100
11000000010000000100
10100000010000000100
01100000010000000100
10010000010000000100
01010000010000000100
00001000010000000100
10001000010000000100
00000100010000000100
10000100010000000100
10100000001000000100
01100000001000000100
10010000001000000100
01010000001000000100
10001000001000000100
01001000001000000100
00000100001000000100
10000100001000000100
01000100001000000100
00000010001000000100
10000010001000000100
01000010001000000100
11000010001000000100
10100000000100000100
01100000000100000100
10010000000100000100
01010000000100000100
10001000000100000100
01001000000100000100
10000100000100000100
01000100000100000100
00000010000100000100
10000010000100000100
01000010000100000100
11000010000100000100
00100010000100000100
10100010000100000100
00000001000100000100
10000001000100000100
01000001000100000100
11000001000100000100
00100001000100000100
10100001000100000100
01100001000100000100
10100000000010000100
01100000000010000100
10010000000010000100
01010000000010000100
10001000000010000100
01001000000010000100
10000100000010000100
01000100000010000100
01000010000010000100
11000010000010000100
00100010000010000100
10100010000010000100
00000001000010000100
10000001000010000100
01000001000010000100
11000001000010000100
00100001000010000100
10100001000010000100
01100001000010000100
00010001000010000100
00000000100010000100
10000000100010000100
01000000100010000100
11000000100010000100
00100000100010000100
10100000100010000100
01100000100010000100
00010000100010000100
10100000000001000100
01100000000001000100
10010000000001000100
01010000000001000100
10001000000001000100
01001000000001000100
10000100000001000100
01000100000001000100
01000010000001000100
11000010000001000100
00100010000001000100
10100010000001000100
11000001000001000100
00100001000001000100
10100001000001000100
01100001000001000100
00010001000001000100
00000000100001000100
10000000100001000100
01000000100001000100
11000000100001000100
00100000100001000100
10100000100001000100
01100000100001000100
00010000100001000100
00001000100001000100
00000000010001000100
10000000010001000100
01000000010001000100
11000000010001000100
00100000010001000100
10100000010001000100
01100000010001000100
00010000010001000100
10010000010001000100
01010000010001000100
00001000010001000100
10001000010001000100
10100000000000100100
01100000000000100100
10010000000000100100
01010000000000100100
10001000000000100100
01001000000000100100
10000100000000100100
01000100000000100100
01000010000000100100
11000010000000100100
00100010000000100100
10100010000000100100
11000001000000100100
00100001000000100100
10100001000000100100
01100001000000100100
00010001000000100100
11000000100000100100
10100000100000100100
01100000100000100100
00010000100000100100
00001000100000100100
00000000010000100100
10000000010000100100
01000000010000100100
11000000010000100100
00100000010000100100
10100000010000100100
01100000010000100100
00010000010000100100
10010000010000100100
01010000010000100100
00001000010000100100
10001000010000100100
00000100010000100100
10000100010000100100
00000000001000100100
10000000001000100100
01000000001000100100
11000000001000100100
00100000001000100100
10100000001000100100
01100000001000100100
00010000001000100100
10010000001000100100
01010000001000100100
00001000001000100100
10001000001000100100
01001000001000100100
00000100001000100100
10000100001000100100
01000100001000100100
10100000000000010100
01100000000000010100
10010000000000010100
01010000000000010100
10001000000000010100
01001000000000010100
10000100000000010100
01000100000000010100
01000010000000010100
11000010000000010100
00100010000000010100
10100010000000010100
11000001000000010100
00100001000000010100
10100001000000010100
01100001000000010100
00010001000000010100
11000000100000010100
10100000100000010100
01100000100000010100
00010000100000010100
00001000100000010100
11000000010000010100
10100000010000010100
01100000010000010100
10010000010000010100
01010000010000010100
00001000010000010100
10001000010000010100
00000100010000010100
10000100010000010100
00000000001000010100
10000000001000010100
01000000001000010100
11000000001000010100
00100000001000010100
10100000001000010100
01100000001000010100
00010000001000010100
10010000001000010100
01010000001000010100
00001000001000010100
10001000001000010100
01001000001000010100
00000100001000010100
10000100001000010100
01000100001000010100
00000010001000010100
10000010001000010100
01000010001000010100
11000010001000010100
00000000000100010100
10000000000100010100
01000000000100010100
11000000000100010100
00100000000100010100
10100000000100010100
01100000000100010100
00010000000100010100
10010000000100010100
01010000000100010100
00001000000100010100
10001000000100010100
01001000000100010100
00000100000100010100
10000100000100010100
01000100000100010100
00000010000100010100
10000010000100010100
01000010000100010100
11000010000100010100
00100010000100010100
10100010000100010100
00000000000010010100
10000000000010010100
01000000000010010100
11000000000010010100
00100000000010010100
10100000000010010100
01100000000010010100
00010000000010010100
10010000000010010100
01010000000010010100
00001000000010010100
10001000000010010100
01001000000010010100
00000100000010010100
10000100000010010100
01000100000010010100
00000010000010010100
10000010000010010100
01000010000010010100
11000010000010010100
00100010000010010100
10100010000010010100
00000000000001010100
10000000000001010100
01000000000001010100
11000000000001010100
00100000000001010100
10100000000001010100
01100000000001010100
00010000000001010100
10010000000001010100
01010000000001010100
00001000000001010100
10001000000001010100
01001000000001010100
00000100000001010100
10000100000001010100
01000100000001010100
00000010000001010100
10000010000001010100
01000010000001010100
11000010000001010100
00100010000001010100
10100010000001010100
00000001000001010100
10000001000001010100
01000001000001010100
11000001000001010100
00100001000001010100
10100001000001010100
01100001000001010100
00010001000001010100
00000000000000110100
10000000000000110100
01000000000000110100
11000000000000110100
00100000000000110100
10100000000000110100
01100000000000110100
00010000000000110100
10010000000000110100
01010000000000110100
00001000000000110100
10001000000000110100
01001000000000110100
00000100000000110100
10000100000000110100
01000100000000110100
00000010000000110100
10000010000000110100
01000010000000110100
11000010000000110100
00100010000000110100
10100010000000110100
00000001000000110100
10000001000000110100
01000001000000110100
11000001000000110100
00100001000000110100
10100001000000110100
01100001000000110100
00010001000000110100
00000000100000110100
10000000100000110100
01000000100000110100
11000000100000110100
00100000100000110100
10100000100000110100
01100000100000110100
00010000100000110100
00001000100000110100
00000000010000110100
10000000010000110100
01000000010000110100
11000000010000110100
00100000010000110100
10100000010000110100
01100000010000110100
00010000010000110100
10010000010000110100
01010000010000110100
00001000010000110100
10001000010000110100
00000100010000110100
10000100010000110100
10100000000000001100
01100000000000001100
10010000000000001100
01010000000000001100
10001000000000001100
01001000000000001100
10000100000000001100
01000100000000001100
01000010000000001100
11000010000000001100
00100010000000001100
10100010000000001100
11000001000000001100
00100001000000001100
10100001000000001100
01100001000000001100
00010001000000001100
11000000100000001100
10100000100000001100
01100000100000001100
00010000100000001100
00001000100000001100
11000000010000001100
10100000010000001100
01100000010000001100
10010000010000001100
01010000010000001100
00001000010000001100
10001000010000001100
00000100010000001100
10000100010000001100
10100000001000001100
01100000001000001100
10010000001000001100
01010000001000001100
10001000001000001100
01001000001000001100
00000100001000001100
10000100001000001100
01000100001000001100
00000010001000001100
10000010001000001100
01000010001000001100
11000010001000001100
00000000000100001100
10000000000100001100
01000000000100001100
11000000000100001100
00100000000100001100
10100000000100001100
01100000000100001100
00010000000100001100
10010000000100001100
01010000000100001100
00001000000100001100
10001000000100001100
01001000000100001100
00000100000100001100
10000100000100001100
01000100000100001100
00000010000100001100
10000010000100001100
01000010000100001100
11000010000100001100
00100010000100001100
10100010000100001100
00000001000100001100
10000001000100001100
01000001000100001100
11000001000100001100
00100001000100001100
10100001000100001100
01100001000100001100
00000000000010001100
10000000000010001100
01000000000010001100
11000000000010001100
00100000000010001100
10100000000010001100
01100000000010001100
00010000000010001100
10010000000010001100
01010000000010001100
00001000000010001100
10001000000010001100
01001000000010001100
00000100000010001100
10000100000010001100
01000100000010001100
00000010000010001100
10000010000010001100
01000010000010001100
11000010000010001100
00100010000010001100
10100010000010001100
00000001000010001100
10000001000010001100
01000001000010001100
11000001000010001100
00100001000010001100
10100001000010001100
01100001000010001100
00010001000010001100
00000000000001001100
10000000000001001100
01000000000001001100
11000000000001001100
00100000000001001100
10100000000001001100
01100000000001001100
00010000000001001100
10010000000001001100
01010000000001001100
00001000000001001100
10001000000001001100
01001000000001001100
00000100000001001100
10000100000001001100
01000100000001001100
00000010000001001100
10000010000001001100
01000010000001001100
11000010000001001100
00100010000001001100
10100010000001001100
00000001000001001100
10000001000001001100
01000001000001001100
11000001000001001100
00100001000001001100
10100001000001001100
01100001000001001100
00010001000001001100
00000000000000101100
10000000000000101100
01000000000000101100
11000000000000101100
00100000000000101100
10100000000000101100
01100000000000101100
00010000000000101100
10010000000000101100
01010000000000101100
00001000000000101100
10001000000000101100
01001000000000101100
00000100000000101100
10000100000000101100
01000100000000101100
00000010000000101100
10000010000000101100
01000010000000101100
11000010000000101100
00100010000000101100
10100010000000101100
00000001000000101100
10000001000000101100
01000001000000101100
11000001000000101100
00100001000000101100
10100001000000101100
01100001000000101100
00010001000000101100
00000000100000101100
10000000100000101100
01000000100000101100
11000000100000101100
00100000100000101100
10100000100000101100
01100000100000101100
00010000100000101100
00001000100000101100
00000000010000101100
10000000010000101100
01000000010000101100
11000000010000101100
00100000010000101100
10100000010000101100
01100000010000101100
00010000010000101100
10010000010000101100
01010000010000101100
00001000010000101100
10001000010000101100
00000100010000101100
10000100010000101100
00000000001000101100
10000000001000101100
01000000001000101100
11000000001000101100
00100000001000101100
10100000001000101100
01100000001000101100
00010000001000101100
10010000001000101100
01010000001000101100
00001000001000101100
10001000001000101100
01001000001000101100
00000100001000101100
10000100001000101100
01000100001000101100
10100000000000011100
01100000000000011100
10010000000000011100
01010000000000011100
10001000000000011100
01001000000000011100
10000100000000011100
01000100000000011100
01000010000000011100
11000010000000011100
00100010000000011100
10100010000000011100
00000001000000011100
10000001000000011100
01000001000000011100
11000001000000011100
00100001000000011100
10100001000000011100
01100001000000011100
00010001000000011100
00000000100000011100
10000000100000011100
01000000100000011100
11000000100000011100
00100000100000011100
10100000100000011100
01100000100000011100
00010000100000011100
00001000100000011100
00000000010000011100
10000000010000011100
01000000010000011100
11000000010000011100
00100000010000011100
10100000010000011100
01100000010000011100
00010000010000011100
10010000010000011100
01010000010000011100
00001000010000011100
10001000010000011100
00000100010000011100
10000100010000011100
00000000001000011100
10000000001000011100
01000000001000011100
11000000001000011100
00100000001000011100
10100000001000011100
01100000001000011100
00010000001000011100
10010000001000011100
01010000001000011100
00001000001000011100
10001000001000011100
01001000001000011100
00000100001000011100
10000100001000011100
01000100001000011100
00000010001000011100
10000010001000011100
01000010001000011100
11000010001000011100
10100000000000000010
01100000000000000010
10010000000000000010
01010000000000000010
10001000000000000010
01001000000000000010
10000100000000000010
01000100000000000010
01000010000000000010
11000010000000000010
00100010000000000010
10100010000000000010
11000001000000000010
00100001000000000010
10100001000000000010
01100001000000000010
00010001000000000010
11000000100000000010
10100000100000000010
01100000100000000010
00010000100000000010
00001000100000000010
11000000010000000010
10100000010000000010
01100000010000000010
10010000010000000010
01010000010000000010
00001000010000000010
10001000010000000010
00000100010000000010
10000100010000000010
10100000001000000010
01100000001000000010
10010000001000000010
01010000001000000010
10001000001000000010
01001000001000000010
00000100001000000010
10000100001000000010
01000100001000000010
00000010001000000010
10000010001000000010
01000010001000000010
11000010001000000010
10100000000100000010
01100000000100000010
10010000000100000010
01010000000100000010
10001000000100000010
01001000000100000010
10000100000100000010
01000100000100000010
00000010000100000010
10000010000100000010
01000010000100000010
11000010000100000010
00100010000100000010
10100010000100000010
00000001000100000010
10000001000100000010
01000001000100000010
11000001000100000010
00100001000100000010
10100001000100000010
01100001000100000010
10100000000010000010
01100000000010000010
10010000000010000010
01010000000010000010
10001000000010000010
01001000000010000010
10000100000010000010
01000100000010000010
01000010000010000010
11000010000010000010
00100010000010000010
10100010000010000010
00000001000010000010
10000001000010000010
01000001000010000010
11000001000010000010
00100001000010000010
10100001000010000010
01100001000010000010
00010001000010000010
00000000100010000010
10000000100010000010
01000000100010000010
11000000100010000010
00100000100010000010
10100000100010000010
01100000100010000010
00010000100010000010
10100000000001000010
01100000000001000010
10010000000001000010
01010000000001000010
10001000000001000010
01001000000001000010
10000100000001000010
01000100000001000010
01000010000001000010
11000010000001000010
00100010000001000010
10100010000001000010
11000001000001000010
00100001000001000010
10100001000001000010
01100001000001000010
00010001000001000010
00000000100001000010
10000000100001000010
01000000100001000010
11000000100001000010
00100000100001000010
10100000100001000010
01100000100001000010
00010000100001000010
00001000100001000010
00000000010001000010
10000000010001000010
01000000010001000010
11000000010001000010
00100000010001000010
10100000010001000010
01100000010001000010
00010000010001000010
10010000010001000010
01010000010001000010
00001000010001000010
10001000010001000010
10100000000000100010
01100000000000100010
10010000000000100010
01010000000000100010
10001000000000100010
01001000000000100010
10000100000000100010
01000100000000100010
01000010000000100010
11000010000000100010
00100010000000100010
10100010000000100010
11000001000000100010
00100001000000100010
10100001000000100010
01100001000000100010
00010001000000100010
11000000100000100010
10100000100000100010
01100000100000100010
00010000100000100010
00001000100000100010
00000000010000100010
10000000010000100010
01000000010000100010
11000000010000100010
00100000010000100010
10100000010000100010
01100000010000100010
00010000010000100010
10010000010000100010
01010000010000100010
00001000010000100010
10001000010000100010
00000100010000100010
10000100010000100010
00000000001000100010
10000000001000100010
01000000001000100010
11000000001000100010
00100000001000100010
10100000001000100010
01100000001000100010
00010000001000100010
10010000001000100010
01010000001000100010
00001000001000100010
10001000001000100010
01001000001000100010
00000100001000100010
10000100001000100010
01000100001000100010
10100000000000010010
01100000000000010010
10010000000000010010
01010000000000010010
10001000000000010010
01001000000000010010
10000100000000010010
01000100000000010010
01000010000000010010
11000010000000010010
00100010000000010010
10100010000000010010
11000001000000010010
00100001000000010010
10100001000000010010
01100001000000010010
00010001000000010010
11000000100000010010
10100000100000010010
01100000100000010010
00010000100000010010
00001000100000010010
11000000010000010010
10100000010000010010
01100000010000010010
10010000010000010010
01010000010000010010
00001000010000010010
10001000010000010010
00000100010000010010
10000100010000010010
00000000001000010010
10000000001000010010
01000000001000010010
11000000001000010010
00100000001000010010
10100000001000010010
01100000001000010010
00010000001000010010
10010000001000010010
01010000001000010010
00001000001000010010
10001000001000010010
01001000001000010010
00000100001000010010
10000100001000010010
01000100001000010010
00000010001000010010
10000010001000010010
01000010001000010010
11000010001000010010
00000000000100010010
10000000000100010010
01000000000100010010
11000000000100010010
00100000000100010010
10100000000100010010
01100000000100010010
00010000000100010010
10010000000100010010
01010000000100010010
00001000000100010010
10001000000100010010
01001000000100010010
00000100000100010010
10000100000100010010
01000100000100010010
00000010000100010010
10000010000100010010
01000010000100010010
11000010000100010010
00100010000100010010
10100010000100010010
10100000000000001010
01100000000000001010
10010000000000001010
01010000000000001010
10001000000000001010
01001000000000001010
10000100000000001010
01000100000000001010
01000010000000001010
11000010000000001010
00100010000000001010
10100010000000001010
11000001000000001010
00100001000000001010
10100001000000001010
01100001000000001010
00010001000000001010
11000000100000001010
10100000100000001010
01100000100000001010
00010000100000001010
00001000100000001010
11000000010000001010
10100000010000001010
01100000010000001010
10010000010000001010
01010000010000001010
00001000010000001010
10001000010000001010
00000100010000001010
10000100010000001010
10100000001000001010
01100000001000001010
10010000001000001010
01010000001000001010
10001000001000001010
01001000001000001010
00000100001000001010
10000100001000001010
01000100001000001010
00000010001000001010
10000010001000001010
01000010001000001010
11000010001000001010
00000000000100001010
10000000000100001010
01000000000100001010
11000000000100001010
00100000000100001010
10100000000100001010
01100000000100001010
00010000000100001010
10010000000100001010
01010000000100001010
00001000000100001010
10001000000100001010
01001000000100001010
00000100000100001010
10000100000100001010
01000100000100001010
00000010000100001010
10000010000100001010
01000010000100001010
11000010000100001010
00100010000100001010
10100010000100001010
00000001000100001010
10000001000100001010
01000001000100001010
11000001000100001010
00100001000100001010
10100001000100001010
01100001000100001010
00000000000010001010
10000000000010001010
01000000000010001010
11000000000010001010
00100000000010001010
10100000000010001010
01100000000010001010
00010000000010001010
10010000000010001010
01010000000010001010
00001000000010001010
10001000000010001010
01001000000010001010
00000100000010001010
10000100000010001010
01000100000010001010
00000010000010001010
10000010000010001010
01000010000010001010
11000010000010001010
00100010000010001010
10100010000010001010
00000001000010001010
10000001000010001010
01000001000010001010
11000001000010001010
00100001000010001010
10100001000010001010
01100001000010001010
00010001000010001010
00000000000001001010
10000000000001001010
01000000000001001010
11000000000001001010
00100000000001001010
10100000000001001010
01100000000001001010
00010000000001001010
10010000000001001010
01010000000001001010
00001000000001001010
10001000000001001010
01001000000001001010
00000100000001001010
10000100000001001010
01000100000001001010
00000010000001001010
10000010000001001010
01000010000001001010
11000010000001001010
00100010000001001010
10100010000001001010
00000001000001001010
10000001000001001010
01000001000001001010
11000001000001001010
00100001000001001010
10100001000001001010
01100001000001001010
00010001000001001010
00000000000000101010
10000000000000101010
01000000000000101010
11000000000000101010
00100000000000101010
10100000000000101010
01100000000000101010
00010000000000101010
10010000000000101010
01010000000000101010
00001000000000101010
10001000000000101010
01001000000000101010
00000100000000101010
10000100000000101010
01000100000000101010
00000010000000101010
10000010000000101010
01000010000000101010
11000010000000101010
00100010000000101010
10100010000000101010
00000001000000101010
10000001000000101010
01000001000000101010
11000001000000101010
00100001000000101010
10100001000000101010
01100001000000101010
00010001000000101010
00000000100000101010
10000000100000101010
01000000100000101010
11000000100000101010
00100000100000101010
10100000100000101010
01100000100000101010
00010000100000101010
00001000100000101010
00000000000000011010
10000000000000011010
01000000000000011010
11000000000000011010
00100000000000011010
10100000000000011010
01100000000000011010
00010000000000011010
10010000000000011010
01010000000000011010
00001000000000011010
10001000000000011010
01001000000000011010
00000100000000011010
10000100000000011010
01000100000000011010
00000010000000011010
10000010000000011010
01000010000000011010
11000010000000011010
00100010000000011010
10100010000000011010
00000001000000011010
10000001000000011010
01000001000000011010
11000001000000011010
00100001000000011010
10100001000000011010
01100001000000011010
00010001000000011010
00000000100000011010
10000000100000011010
01000000100000011010
11000000100000011010
00100000100000011010
10100000100000011010
01100000100000011010
00010000100000011010
00001000100000011010
00000000010000011010
10000000010000011010
01000000010000011010
11000000010000011010
00100000010000011010
10100000010000011010
01100000010000011010
00010000010000011010
10010000010000011010
01010000010000011010
00001000010000011010
10001000010000011010
00000100010000011010
10000100010000011010
00000000001000011010
10000000001000011010
01000000001000011010
11000000001000011010
00100000001000011010
10100000001000011010
01100000001000011010
00010000001000011010
10010000001000011010
01010000001000011010
00001000001000011010
10001000001000011010
01001000001000011010
00000100001000011010
10000100001000011010
01000100001000011010
00000010001000011010
10000010001000011010
01000010001000011010
11000010001000011010
10100000000000000110
01100000000000000110
10010000000000000110
01010000000000000110
10001000000000000110
01001000000000000110
10000100000000000110
01000100000000000110
01000010000000000110
11000010000000000110
00100010000000000110
10100010000000000110
11000001000000000110
00100001000000000110
10100001000000000110
01100001000000000110
00010001000000000110
11000000100000000110
10100000100000000110
01100000100000000110
00010000100000000110
00001000100000000110
11000000010000000110
10100000010000000110
01100000010000000110
10010000010000000110
01010000010000000110
00001000010000000110
10001000010000000110
00000100010000000110
10000100010000000110
10100000001000000110
01100000001000000110
10010000001000000110
01010000001000000110
10001000001000000110
01001000001000000110
00000100001000000110
10000100001000000110
01000100001000000110
00000010001000000110
10000010001000000110
01000010001000000110
11000010001000000110
10100000000100000110
01100000000100000110
10010000000100000110
01010000000100000110
10001000000100000110
01001000000100000110
10000100000100000110
01000100000100000110
00000010000100000110
10000010000100000110
01000010000100000110
11000010000100000110
00100010000100000110
10100010000100000110
00000001000100000110
10000001000100000110
01000001000100000110
11000001000100000110
00100001000100000110
10100001000100000110
01100001000100000110
00000000000010000110
10000000000010000110
01000000000010000110
11000000000010000110
00100000000010000110
10100000000010000110
01100000000010000110
00010000000010000110
10010000000010000110
01010000000010000110
00001000000010000110
10001000000010000110
01001000000010000110
00000100000010000110
10000100000010000110
01000100000010000110
00000010000010000110
10000010000010000110
01000010000010000110
11000010000010000110
00100010000010000110
10100010000010000110
00000001000010000110
10000001000010000110
01000001000010000110
11000001000010000110
00100001000010000110
10100001000010000110
01100001000010000110
00010001000010000110
00000000100010000110
10000000100010000110
01000000100010000110
11000000100010000110
00100000100010000110
10100000100010000110
01100000100010000110
00010000100010000110
00000000000001000110
10000000000001000110
01000000000001000110
11000000000001000110
00100000000001000110
10100000000001000110
01100000000001000110
00010000000001000110
10010000000001000110
01010000000001000110
00001000000001000110
10001000000001000110
01001000000001000110
00000100000001000110
10000100000001000110
01000100000001000110
00000010000001000110
10000010000001000110
01000010000001000110
11000010000001000110
00100010000001000110
10100010000001000110
00000001000001000110
10000001000001000110
01000001000001000110
11000001000001000110
00100001000001000110
10100001000001000110
01100001000001000110
00010001000001000110
00000000100001000110
10000000100001000110
01000000100001000110
11000000100001000110
00100000100001000110
10100000100001000110
01100000100001000110
00010000100001000110
00001000100001000110
00000000000000100110
10000000000000100110
01000000000000100110
11000000000000100110
00100000000000100110
10100000000000100110
01100000000000100110
00010000000000100110
10010000000000100110
01010000000000100110
00001000000000100110
10001000000000100110
01001000000000100110
00000100000000100110
10000100000000100110
01000100000000100110
00000010000000100110
10000010000000100110
01000010000000100110
11000010000000100110
00100010000000100110
10100010000000100110
00000001000000100110
10000001000000100110
01000001000000100110
11000001000000100110
00100001000000100110
10100001000000100110
01100001000000100110
00010001000000100110
00000000100000100110
10000000100000100110
01000000100000100110
11000000100000100110
00100000100000100110
10100000100000100110
01100000100000100110
00010000100000100110
00001000100000100110
00000000000000010110
10000000000000010110
01000000000000010110
11000000000000010110
00100000000000010110
10100000000000010110
01100000000000010110
00010000000000010110
10010000000000010110
01010000000000010110
00001000000000010110
10001000000000010110
01001000000000010110
00000100000000010110
10000100000000010110
01000100000000010110
00000010000000010110
10000010000000010110
01000010000000010110
11000010000000010110
00100010000000010110
10100010000000010110
00000001000000010110
10000001000000010110
01000001000000010110
11000001000000010110
00100001000000010110
10100001000000010110
01100001000000010110
00010001000000010110
00000000100000010110
10000000100000010110
01000000100000010110
11000000100000010110
00100000100000010110
10100000100000010110
01100000100000010110
00010000100000010110
00001000100000010110
00000000010000010110
10000000010000010110
01000000010000010110
11000000010000010110
00100000010000010110
10100000010000010110
01100000010000010110
00010000010000010110
10010000010000010110
01010000010000010110
00001000010000010110
10001000010000010110
00000100010000010110
10000100010000010110
00000000001000010110
10000000001000010110
01000000001000010110
11000000001000010110
00100000001000010110
10100000001000010110
01100000001000010110
00010000001000010110
10010000001000010110
01010000001000010110
00001000001000010110
10001000001000010110
01001000001000010110
00000100001000010110
10000100001000010110
01000100001000010110
00000010001000010110
10000010001000010110
01000010001000010110
11000010001000010110
00000000000100010110
10000000000100010110
01000000000100010110
11000000000100010110
00100000000100010110
10100000000100010110
01100000000100010110
00010000000100010110
10010000000100010110
01010000000100010110
00001000000100010110
10001000000100010110
01001000000100010110
00000100000100010110
10000100000100010110
01000100000100010110
00000010000100010110
10000010000100010110
01000010000100010110
11000010000100010110
00100010000100010110
10100010000100010110
10100000000000001110
01100000000000001110
10010000000000001110
01010000000000001110
10001000000000001110
01001000000000001110
10000100000000001110
01000100000000001110
01000010000000001110
11000010000000001110
00100010000000001110
10100010000000001110
11000001000000001110
00100001000000001110
10100001000000001110
01100001000000001110
00010001000000001110
00000000100000001110
10000000100000001110
01000000100000001110
11000000100000001110
00100000100000001110
10100000100000001110
01100000100000001110
00010000100000001110
00001000100000001110
00000000010000001110
10000000010000001110
01000000010000001110
11000000010000001110
00100000010000001110
10100000010000001110
01100000010000001110
00010000010000001110
10010000010000001110
01010000010000001110
00001000010000001110
10001000010000001110
00000100010000001110
10000100010000001110
00000000001000001110
10000000001000001110
01000000001000001110
11000000001000001110
00100000001000001110
10100000001000001110
01100000001000001110
00010000001000001110
10010000001000001110
01010000001000001110
00001000001000001110
10001000001000001110
01001000001000001110
00000100001000001110
10000100001000001110
01000100001000001110
00000010001000001110
10000010001000001110
01000010001000001110
11000010001000001110
00000000000100001110
10000000000100001110
01000000000100001110
11000000000100001110
00100000000100001110
10100000000100001110
01100000000100001110
00010000000100001110
10010000000100001110
01010000000100001110
00001000000100001110
10001000000100001110
01001000000100001110
00000100000100001110
10000100000100001110
01000100000100001110
00000010000100001110
10000010000100001110
01000010000100001110
11000010000100001110
00100010000100001110
10100010000100001110
00000001000100001110
10000001000100001110
01000001000100001110
11000001000100001110
00100001000100001110
10100001000100001110
01100001000100001110
10100000000000000001
01100000000000000001
10010000000000000001
01010000000000000001
10001000000000000001
01001000000000000001
10000100000000000001
01000100000000000001
01000010000000000001
11000010000000000001
00100010000000000001
10100010000000000001
11000001000000000001
00100001000000000001
10100001000000000001
01100001000000000001
00010001000000000001
11000000100000000001
10100000100000000001
01100000100000000001
00010000100000000001
00001000100000000001
11000000010000000001
10100000010000000001
01100000010000000001
10010000010000000001
01010000010000000001
00001000010000000001
10001000010000000001
00000100010000000001
10000100010000000001
10100000001000000001
01100000001000000001
10010000001000000001
01010000001000000001
10001000001000000001
01001000001000000001
00000100001000000001
10000100001000000001
01000100001000000001
00000010001000000001
10000010001000000001
01000010001000000001
11000010001000000001
10100000000100000001
01100000000100000001
10010000000100000001
01010000000100000001
10001000000100000001
01001000000100000001
10000100000100000001
01000100000100000001
00000010000100000001
10000010000100000001
01000010000100000001
11000010000100000001
00100010000100000001
10100010000100000001
00000001000100000001
10000001000100000001
01000001000100000001
11000001000100000001
00100001000100000001
10100001000100000001
01100001000100000001
10100000000010000001
01100000000010000001
10010000000010000001
01010000000010000001
10001000000010000001
01001000000010000001
10000100000010000001
01000100000010000001
01000010000010000001
11000010000010000001
00100010000010000001
10100010000010000001
00000001000010000001
10000001000010000001
01000001000010000001
11000001000010000001
00100001000010000001
10100001000010000001
01100001000010000001
00010001000010000001
00000000100010000001
10000000100010000001
01000000100010000001
11000000100010000001
00100000100010000001
10100000100010000001
01100000100010000001
00010000100010000001
10100000000001000001
01100000000001000001
10010000000001000001
01010000000001000001
10001000000001000001
01001000000001000001
10000100000001000001
01000100000001000001
01000010000001000001
11000010000001000001
00100010000001000001
10100010000001000001
11000001000001000001
00100001000001000001
10100001000001000001
01100001000001000001
00010001000001000001
00000000100001000001
10000000100001000001
01000000100001000001
11000000100001000001
00100000100001000001
10100000100001000001
01100000100001000001
00010000100001000001
00001000100001000001
00000000010001000001
10000000010001000001
01000000010001000001
11000000010001000001
00100000010001000001
10100000010001000001
01100000010001000001
00010000010001000001
10010000010001000001
01010000010001000001
00001000010001000001
10001000010001000001
10100000000000100001
01100000000000100001
10010000000000100001
01010000000000100001
10001000000000100001
01001000000000100001
10000100000000100001
01000100000000100001
01000010000000100001
11000010000000100001
00100010000000100001
10100010000000100001
11000001000000100001
00100001000000100001
10100001000000100001
01100001000000100001
00010001000000100001
11000000100000100001
10100000100000100001
01100000100000100001
00010000100000100001
00001000100000100001
00000000010000100001
10000000010000100001
01000000010000100001
11000000010000100001
00100000010000100001
10100000010000100001
01100000010000100001
00010000010000100001
10010000010000100001
01010000010000100001
00001000010000100001
10001000010000100001
00000100010000100001
10000100010000100001
00000000001000100001
10000000001000100001
01000000001000100001
11000000001000100001
00100000001000100001
10100000001000100001
01100000001000100001
00010000001000100001
10010000001000100001
01010000001000100001
00001000001000100001
10001000001000100001
01001000001000100001
00000100001000100001
10000100001000100001
01000100001000100001
10100000000000010001
01100000000000010001
10010000000000010001
01010000000000010001
10001000000000010001
01001000000000010001
10000100000000010001
01000100000000010001
01000010000000010001
11000010000000010001
00100010000000010001
10100010000000010001
11000001000000010001
00100001000000010001
10100001000000010001
01100001000000010001
00010001000000010001
11000000100000010001
10100000100000010001
01100000100000010001
00010000100000010001
00001000100000010001
11000000010000010001
10100000010000010001
01100000010000010001
10010000010000010001
01010000010000010001
00001000010000010001
10001000010000010001
00000100010000010001
10000100010000010001
00000000001000010001
10000000001000010001
01000000001000010001
11000000001000010001
00100000001000010001
10100000001000010001
01100000001000010001
00010000001000010001
10010000001000010001
01010000001000010001
00001000001000010001
10001000001000010001
01001000001000010001
00000100001000010001
10000100001000010001
01000100001000010001
00000010001000010001
10000010001000010001
01000010001000010001
11000010001000010001
00000000000100010001
10000000000100010001
01000000000100010001
11000000000100010001
00100000000100010001
10100000000100010001
01100000000100010001
00010000000100010001
10010000000100010001
01010000000100010001
00001000000100010001
10001000000100010001
01001000000100010001
00000100000100010001
10000100000100010001
01000100000100010001
00000010000100010001
10000010000100010001
01000010000100010001
11000010000100010001
00100010000100010001
10100010000100010001
10100000000000001001
01100000000000001001
10010000000000001001
01010000000000001001
10001000000000001001
01001000000000001001
10000100000000001001
01000100000000001001
01000010000000001001
11000010000000001001
00100010000000001001
10100010000000001001
11000001000000001001
00100001000000001001
10100001000000001001
01100001000000001001
00010001000000001001
11000000100000001001
10100000100000001001
01100000100000001001
00010000100000001001
00001000100000001001
11000000010000001001
10100000010000001001
01100000010000001001
10010000010000001001
01010000010000001001
00001000010000001001
10001000010000001001
00000100010000001001
10000100010000001001
10100000001000001001
01100000001000001001
10010000001000001001
01010000001000001001
10001000001000001001
01001000001000001001
00000100001000001001
10000100001000001001
01000100001000001001
00000010001000001001
10000010001000001001
01000010001000001001
11000010001000001001
00000000000100001001
10000000000100001001
01000000000100001001
11000000000100001001
00100000000100001001
10100000000100001001
01100000000100001001
00010000000100001001
10010000000100001001
01010000000100001001
00001000000100001001
10001000000100001001
01001000000100001001
00000100000100001001
10000100000100001001
01000100000100001001
00000010000100001001
10000010000100001001
01000010000100001001
11000010000100001001
00100010000100001001
10100010000100001001
00000001000100001001
10000001000100001001
01000001000100001001
11000001000100001001
00100001000100001001
10100001000100001001
01100001000100001001
00000000000010001001
10000000000010001001
01000000000010001001
11000000000010001001
00100000000010001001
10100000000010001001
01100000000010001001
00010000000010001001
10010000000010001001
01010000000010001001
00001000000010001001
10001000000010001001
01001000000010001001
00000100000010001001
10000100000010001001
01000100000010001001
00000010000010001001
10000010000010001001
01000010000010001001
11000010000010001001
00100010000010001001
10100010000010001001
00000001000010001001
10000001000010001001
01000001000010001001
11000001000010001001
00100001000010001001
10100001000010001001
01100001000010001001
00010001000010001001
10100000000000000101
01100000000000000101
10010000000000000101
01010000000000000101
10001000000000000101
01001000000000000101
10000100000000000101
01000100000000000101
01000010000000000101
11000010000000000101
00100010000000000101
10100010000000000101
11000001000000000101
00100001000000000101
10100001000000000101
01100001000000000101
00010001000000000101
11000000100000000101
10100000100000000101
01100000100000000101
00010000100000000101
00001000100000000101
11000000010000000101
10100000010000000101
01100000010000000101
10010000010000000101
01010000010000000101
00001000010000000101
10001000010000000101
00000100010000000101
10000100010000000101
10100000001000000101
01100000001000000101
10010000001000000101
01010000001000000101
10001000001000000101
01001000001000000101
00000100001000000101
10000100001000000101
01000100001000000101
00000010001000000101
10000010001000000101
01000010001000000101
11000010001000000101
10100000000100000101
01100000000100000101
10010000000100000101
01010000000100000101
10001000000100000101
01001000000100000101
10000100000100000101
01000100000100000101
00000010000100000101
10000010000100000101
01000010000100000101
11000010000100000101
00100010000100000101
10100010000100000101
00000001000100000101
10000001000100000101
01000001000100000101
11000001000100000101
00100001000100000101
10100001000100000101
01100001000100000101
00000000000010000101
10000000000010000101
01000000000010000101
11000000000010000101
00100000000010000101
10100000000010000101
01100000000010000101
00010000000010000101
10010000000010000101
01010000000010000101
00001000000010000101
10001000000010000101
01001000000010000101
00000100000010000101
10000100000010000101
01000100000010000101
00000010000010000101
10000010000010000101
01000010000010000101
11000010000010000101
00100010000010000101
10100010000010000101
00000001000010000101
10000001000010000101
01000001000010000101
11000001000010000101
00100001000010000101
10100001000010000101
01100001000010000101
00010001000010000101
00000000100010000101
10000000100010000101
01000000100010000101
11000000100010000101
00100000100010000101
10100000100010000101
01100000100010000101
00010000100010000101
00000000000001000101
10000000000001000101
01000000000001000101
11000000000001000101
00100000000001000101
10100000000001000101
01100000000001000101
00010000000001000101
10010000000001000101
01010000000001000101
00001000000001000101
10001000000001000101
01001000000001000101
00000100000001000101
10000100000001000101
01000100000001000101
00000010000001000101
10000010000001000101
01000010000001000101
11000010000001000101
00100010000001000101
10100010000001000101
00000001000001000101
10000001000001000101
01000001000001000101
11000001000001000101
00100001000001000101
10100001000001000101
01100001000001000101
00010001000001000101
00000000100001000101
10000000100001000101
01000000100001000101
11000000100001000101
00100000100001000101
10100000100001000101
01100000100001000101
00010000100001000101
00001000100001000101
00000000000000100101
10000000000000100101
01000000000000100101
11000000000000100101
00100000000000100101
10100000000000100101
01100000000000100101
00010000000000100101
10010000000000100101
01010000000000100101
00001000000000100101
10001000000000100101
01001000000000100101
00000100000000100101
10000100000000100101
01000100000000100101
00000010000000100101
10000010000000100101
01000010000000100101
11000010000000100101
00100010000000100101
10100010000000100101
00000001000000100101
10000001000000100101
01000001000000100101
11000001000000100101
00100001000000100101
10100001000000100101
01100001000000100101
00010001000000100101
00000000100000100101
10000000100000100101
01000000100000100101
11000000100000100101
00100000100000100101
10100000100000100101
01100000100000100101
00010000100000100101
00001000100000100101
00000000000000010101
10000000000000010101
01000000000000010101
11000000000000010101
00100000000000010101
10100000000000010101
01100000000000010101
00010000000000010101
10010000000000010101
01010000000000010101
00001000000000010101
10001000000000010101
01001000000000010101
00000100000000010101
10000100000000010101
01000100000000010101
00000010000000010101
10000010000000010101
01000010000000010101
11000010000000010101
00100010000000010101
10100010000000010101
00000001000000010101
10000001000000010101
01000001000000010101
11000001000000010101
00100001000000010101
10100001000000010101
01100001000000010101
00010001000000010101
00000000100000010101
10000000100000010101
01000000100000010101
11000000100000010101
00100000100000010101
10100000100000010101
01100000100000010101
00010000100000010101
00001000100000010101
00000000010000010101
10000000010000010101
01000000010000010101
11000000010000010101
00100000010000010101
10100000010000010101
01100000010000010101
00010000010000010101
10010000010000010101
01010000010000010101
00001000010000010101
10001000010000010101
00000100010000010101
10000100010000010101
00000000000000001101
10000000000000001101
01000000000000001101
11000000000000001101
00100000000000001101
10100000000000001101
01100000000000001101
00010000000000001101
10010000000000001101
01010000000000001101
00001000000000001101
10001000000000001101
01001000000000001101
00000100000000001101
10000100000000001101
01000100000000001101
00000010000000001101
10000010000000001101
01000010000000001101
11000010000000001101
00100010000000001101
10100010000000001101
00000001000000001101
10000001000000001101
01000001000000001101
11000001000000001101
00100001000000001101
10100001000000001101
01100001000000001101
00010001000000001101
00000000100000001101
10000000100000001101
01000000100000001101
11000000100000001101
00100000100000001101
10100000100000001101
01100000100000001101
00010000100000001101
00001000100000001101
00000000010000001101
10000000010000001101
01000000010000001101
11000000010000001101
00100000010000001101
10100000010000001101
01100000010000001101
00010000010000001101
10010000010000001101
01010000010000001101
00001000010000001101
10001000010000001101
00000100010000001101
10000100010000001101
00000000001000001101
10000000001000001101
01000000001000001101
11000000001000001101
00100000001000001101
10100000001000001101
01100000001000001101
00010000001000001101
10010000001000001101
01010000001000001101
00001000001000001101
10001000001000001101
01001000001000001101
00000100001000001101
10000100001000001101
01000100001000001101
00000010001000001101
10000010001000001101
01000010001000001101
11000010001000001101
00000000000100001101
10000000000100001101
01000000000100001101
11000000000100001101
00100000000100001101
10100000000100001101
01100000000100001101
00010000000100001101
10010000000100001101
01010000000100001101
00001000000100001101
10001000000100001101
01001000000100001101
00000100000100001101
10000100000100001101
01000100000100001101
00000010000100001101
10000010000100001101
01000010000100001101
11000010000100001101
00100010000100001101
10100010000100001101
00000001000100001101
10000001000100001101
01000001000100001101
11000001000100001101
00100001000100001101
10100001000100001101
01100001000100001101
10100000000000000011
01100000000000000011
10010000000000000011
01010000000000000011
10001000000000000011
01001000000000000011
10000100000000000011
01000100000000000011
01000010000000000011
11000010000000000011
00100010000000000011
10100010000000000011
11000001000000000011
00100001000000000011
10100001000000000011
01100001000000000011
00010001000000000011
11000000100000000011
10100000100000000011
01100000100000000011
00010000100000000011
00001000100000000011
11000000010000000011
10100000010000000011
01100000010000000011
10010000010000000011
01010000010000000011
00001000010000000011
10001000010000000011
00000100010000000011
10000100010000000011
10100000001000000011
01100000001000000011
10010000001000000011
01010000001000000011
10001000001000000011
01001000001000000011
00000100001000000011
10000100001000000011
01000100001000000011
00000010001000000011
10000010001000000011
01000010001000000011
11000010001000000011
10100000000100000011
01100000000100000011
10010000000100000011
01010000000100000011
10001000000100000011
01001000000100000011
10000100000100000011
01000100000100000011
00000010000100000011
10000010000100000011
01000010000100000011
11000010000100000011
00100010000100000011
10100010000100000011
00000001000100000011
10000001000100000011
01000001000100000011
11000001000100000011
00100001000100000011
10100001000100000011
01100001000100000011
10100000000010000011
01100000000010000011
10010000000010000011
01010000000010000011
10001000000010000011
01001000000010000011
10000100000010000011
01000100000010000011
01000010000010000011
11000010000010000011
00100010000010000011
10100010000010000011
00000001000010000011
10000001000010000011
01000001000010000011
11000001000010000011
00100001000010000011
10100001000010000011
01100001000010000011
00010001000010000011
00000000100010000011
10000000100010000011
01000000100010000011
11000000100010000011
00100000100010000011
10100000100010000011
01100000100010000011
00010000100010000011
00000000000001000011
10000000000001000011
01000000000001000011
11000000000001000011
00100000000001000011
10100000000001000011
01100000000001000011
00010000000001000011
10010000000001000011
01010000000001000011
00001000000001000011
10001000000001000011
01001000000001000011
00000100000001000011
10000100000001000011
01000100000001000011
00000010000001000011
10000010000001000011
01000010000001000011
11000010000001000011
00100010000001000011
10100010000001000011
00000001000001000011
10000001000001000011
01000001000001000011
11000001000001000011
00100001000001000011
10100001000001000011
01100001000001000011
00010001000001000011
00000000100001000011
10000000100001000011
01000000100001000011
11000000100001000011
00100000100001000011
10100000100001000011
01100000100001000011
00010000100001000011
00001000100001000011
00000000010001000011
10000000010001000011
01000000010001000011
11000000010001000011
00100000010001000011
10100000010001000011
01100000010001000011
00010000010001000011
10010000010001000011
01010000010001000011
00001000010001000011
10001000010001000011
00000000000000100011
10000000000000100011
01000000000000100011
11000000000000100011
00100000000000100011
10100000000000100011
01100000000000100011
00010000000000100011
10010000000000100011
01010000000000100011
00001000000000100011
10001000000000100011
01001000000000100011
00000100000000100011
10000100000000100011
01000100000000100011
00000010000000100011
10000010000000100011
01000010000000100011
11000010000000100011
00100010000000100011
10100010000000100011
00000001000000100011
10000001000000100011
01000001000000100011
11000001000000100011
00100001000000100011
10100001000000100011
01100001000000100011
00010001000000100011
00000000100000100011
10000000100000100011
01000000100000100011
11000000100000100011
00100000100000100011
10100000100000100011
01100000100000100011
00010000100000100011
00001000100000100011
00000000010000100011
10000000010000100011
01000000010000100011
11000000010000100011
00100000010000100011
10100000010000100011
01100000010000100011
00010000010000100011
10010000010000100011
01010000010000100011
00001000010000100011
10001000010000100011
00000100010000100011
10000100010000100011
00000000000000010011
10000000000000010011
01000000000000010011
11000000000000010011
00100000000000010011
10100000000000010011
01100000000000010011
00010000000000010011
10010000000000010011
01010000000000010011
00001000000000010011
10001000000000010011
01001000000000010011
00000100000000010011
10000100000000010011
01000100000000010011
00000010000000010011
10000010000000010011
01000010000000010011
11000010000000010011
00100010000000010011
10100010000000010011
00000001000000010011
10000001000000010011
01000001000000010011
11000001000000010011
00100001000000010011
10100001000000010011
01100001000000010011
00010001000000010011
00000000100000010011
10000000100000010011
01000000100000010011
11000000100000010011
00100000100000010011
10100000100000010011
01100000100000010011
00010000100000010011
00001000100000010011
00000000010000010011
10000000010000010011
01000000010000010011
11000000010000010011
00100000010000010011
10100000010000010011
01100000010000010011
00010000010000010011
10010000010000010011
01010000010000010011
00001000010000010011
10001000010000010011
00000100010000010011
10000100010000010011
00000000000000001011
10000000000000001011
01000000000000001011
11000000000000001011
00100000000000001011
10100000000000001011
01100000000000001011
00010000000000001011
10010000000000001011
01010000000000001011
00001000000000001011
10001000000000001011
01001000000000001011
00000100000000001011
10000100000000001011
01000100000000001011
00000010000000001011
10000010000000001011
01000010000000001011
11000010000000001011
00100010000000001011
10100010000000001011
00000001000000001011
10000001000000001011
01000001000000001011
11000001000000001011
00100001000000001011
10100001000000001011
01100001000000001011
00010001000000001011
00000000100000001011
10000000100000001011
01000000100000001011
11000000100000001011
00100000100000001011
10100000100000001011
01100000100000001011
00010000100000001011
00001000100000001011
00000000010000001011
10000000010000001011
01000000010000001011
11000000010000001011
00100000010000001011
10100000010000001011
01100000010000001011
00010000010000001011
10010000010000001011
01010000010000001011
00001000010000001011
10001000010000001011
00000100010000001011
10000100010000001011
00000000001000001011
10000000001000001011
01000000001000001011
11000000001000001011
00100000001000001011
10100000001000001011
01100000001000001011
00010000001000001011
10010000001000001011
01010000001000001011
00001000001000001011
10001000001000001011
01001000001000001011
00000100001000001011
10000100001000001011
01000100001000001011
00000010001000001011
10000010001000001011
01000010001000001011
11000010001000001011
00000000000100001011
10000000000100001011
01000000000100001011
11000000000100001011
00100000000100001011
10100000000100001011
01100000000100001011
00010000000100001011
10010000000100001011
01010000000100001011
00001000000100001011
10001000000100001011
01001000000100001011
00000100000100001011
10000100000100001011
01000100000100001011
00000010000100001011
10000010000100001011
01000010000100001011
11000010000100001011
00100010000100001011
10100010000100001011
00000001000100001011
10000001000100001011
01000001000100001011
11000001000100001011
00100001000100001011
10100001000100001011
01100001000100001011
00000000000010001011
10000000000010001011
01000000000010001011
11000000000010001011
00100000000010001011
10100000000010001011
01100000000010001011
00010000000010001011
10010000000010001011
01010000000010001011
00001000000010001011
10001000000010001011
01001000000010001011
00000100000010001011
10000100000010001011
01000100000010001011
00000010000010001011
10000010000010001011
01000010000010001011
11000010000010001011
00100010000010001011
10100010000010001011
00000001000010001011
10000001000010001011
01000001000010001011
11000001000010001011
00100001000010001011
10100001000010001011
01100001000010001011
00010001000010001011
10100000000000000111
01100000000000000111
10010000000000000111
01010000000000000111
10001000000000000111
01001000000000000111
10000100000000000111
01000100000000000111
01000010000000000111
11000010000000000111
00100010000000000111
10100010000000000111
11000001000000000111
00100001000000000111
10100001000000000111
01100001000000000111
00010001000000000111
11000000100000000111
10100000100000000111
01100000100000000111
00010000100000000111
00001000100000000111
00000000010000000111
10000000010000000111
01000000010000000111
11000000010000000111
00100000010000000111
10100000010000000111
01100000010000000111
00010000010000000111
10010000010000000111
01010000010000000111
00001000010000000111
10001000010000000111
00000100010000000111
10000100010000000111
00000000001000000111
10000000001000000111
01000000001000000111
11000000001000000111
00100000001000000111
10100000001000000111
01100000001000000111
00010000001000000111
10010000001000000111
01010000001000000111
00001000001000000111
10001000001000000111
01001000001000000111
00000100001000000111
10000100001000000111
01000100001000000111
00000010001000000111
10000010001000000111
01000010001000000111
11000010001000000111
00000000000100000111
10000000000100000111
01000000000100000111
11000000000100000111
00100000000100000111
10100000000100000111
01100000000100000111
00010000000100000111
10010000000100000111
01010000000100000111
00001000000100000111
10001000000100000111
01001000000100000111
00000100000100000111
10000100000100000111
01000100000100000111
00000010000100000111
10000010000100000111
01000010000100000111
11000010000100000111
00100010000100000111
10100010000100000111
00000001000100000111
10000001000100000111
01000001000100000111
11000001000100000111
00100001000100000111
10100001000100000111
01100001000100000111
00000000000010000111
10000000000010000111
01000000000010000111
11000000000010000111
00100000000010000111
10100000000010000111
01100000000010000111
00010000000010000111
10010000000010000111
01010000000010000111
00001000000010000111
10001000000010000111
01001000000010000111
00000100000010000111
10000100000010000111
01000100000010000111
00000010000010000111
10000010000010000111
01000010000010000111
11000010000010000111
00100010000010000111
10100010000010000111
00000001000010000111
10000001000010000111
01000001000010000111
11000001000010000111
00100001000010000111
10100001000010000111
01100001000010000111
00010001000010000111
00000000100010000111
10000000100010000111
01000000100010000111
11000000100010000111
00100000100010000111
10100000100010000111
01100000100010000111
00010000100010000111
