11100010000000000000
11010010000000000000
10110010000000000000
01110010000000000000
11001010000000000000
10101010000000000000
01101010000000000000
10011010000000000000
01011010000000000000
00111010000000000000
11000110000000000000
10100110000000000000
01100110000000000000
10010110000000000000
01010110000000000000
00110110000000000000
10001110000000000000
01001110000000000000
00101110000000000000
00011110000000000000
11100001000000000000
11010001000000000000
10110001000000000000
11001001000000000000
10101001000000000000
10011001000000000000
11000101000000000000
10100101000000000000
10010101000000000000
10001101000000000000
01100011000000000000
11100011000000000000
01010011000000000000
11010011000000000000
00110011000000000000
10110011000000000000
01001011000000000000
11001011000000000000
00101011000000000000
10101011000000000000
00011011000000000000
10011011000000000000
01000111000000000000
11000111000000000000
00100111000000000000
10100111000000000000
00010111000000000000
10010111000000000000
00001111000000000000
10001111000000000000
11100000100000000000
11010000100000000000
11001000100000000000
11000100100000000000
01100010100000000000
11100010100000000000
01010010100000000000
11010010100000000000
01001010100000000000
11001010100000000000
01000110100000000000
11000110100000000000
11100001100000000000
11010001100000000000
11001001100000000000
11000101100000000000
00100011100000000000
10100011100000000000
01100011100000000000
11100011100000000000
00010011100000000000
10010011100000000000
01010011100000000000
11010011100000000000
00001011100000000000
10001011100000000000
01001011100000000000
11001011100000000000
00000111100000000000
10000111100000000000
01000111100000000000
11000111100000000000
11100000010000000000
11010000010000000000
11001000010000000000
11000100010000000000
01100010010000000000
11100010010000000000
11100001010000000000
00100011010000000000
10100011010000000000
01100011010000000000
11100011010000000000
11100000110000000000
01100010110000000000
11100010110000000000
11100001110000000000
00010001110000000000
00001001110000000000
00000101110000000000
00000011110000000000
10000011110000000000
01000011110000000000
11000011110000000000
00100011110000000000
10100011110000000000
01100011110000000000
11100011110000000000
11100000001000000000
11010000001000000000
11001000001000000000
11000100001000000000
01100010001000000000
11100010001000000000
11100001001000000000
11100000101000000000
00010001101000000000
11100000011000000000
11010000011000000000
00001000111000000000
00000100111000000000
00000010111000000000
10000010111000000000
00000001111000000000
10000001111000000000
01000001111000000000
00100001111000000000
00010001111000000000
11100000000100000000
11010000000100000000
11001000000100000000
11000100000100000000
01100010000100000000
11100010000100000000
11100001000100000000
11100000100100000000
11100000010100000000
11010000010100000000
00001000110100000000
11100000001100000000
11010000001100000000
11001000001100000000
11000100001100000000
00000100011100000000
10000100011100000000
00000010011100000000
10000010011100000000
00000001011100000000
10000001011100000000
01000001011100000000
00000000111100000000
10000000111100000000
01000000111100000000
00100000111100000000
00010000111100000000
00001000111100000000
11100000000010000000
11010000000010000000
11001000000010000000
11000100000010000000
01100010000010000000
11100010000010000000
11100001000010000000
11100000100010000000
11100000010010000000
11010000010010000000
11100000001010000000
11010000001010000000
11001000001010000000
11000100001010000000
00000100011010000000
10000100011010000000
11100000000110000000
11010000000110000000
11001000000110000000
11000100000110000000
01100010000110000000
11100010000110000000
11100001000110000000
11100000100110000000
11100000010110000000
11010000010110000000
11100000001110000000
11010000001110000000
11001000001110000000
11000100001110000000
00000010001110000000
10000010001110000000
01000010001110000000
11000010001110000000
00000001001110000000
10000001001110000000
01000001001110000000
11000001001110000000
00000000101110000000
10000000101110000000
01000000101110000000
11000000101110000000
00100000101110000000
10100000101110000000
00000000011110000000
10000000011110000000
01000000011110000000
11000000011110000000
00100000011110000000
10100000011110000000
00010000011110000000
10010000011110000000
00001000011110000000
10001000011110000000
00000100011110000000
10000100011110000000
11100000000001000000
11010000000001000000
11001000000001000000
11000100000001000000
01100010000001000000
11100010000001000000
11100001000001000000
11100000100001000000
11100000010001000000
11010000010001000000
11100000001001000000
11010000001001000000
11001000001001000000
11000100001001000000
11100000000101000000
11010000000101000000
11001000000101000000
11000100000101000000
01100010000101000000
11100010000101000000
11100001000101000000
11100000100101000000
11100000010101000000
11010000010101000000
11100000001101000000
11010000001101000000
11001000001101000000
11000100001101000000
00000010001101000000
10000010001101000000
01000010001101000000
11000010001101000000
11100000000011000000
11010000000011000000
11001000000011000000
11000100000011000000
01100010000011000000
11100010000011000000
11100001000011000000
11100000100011000000
11100000010011000000
11010000010011000000
11100000001011000000
11010000001011000000
11001000001011000000
11000100001011000000
11100000000111000000
11010000000111000000
11001000000111000000
11000100000111000000
01100010000111000000
11100010000111000000
00000001000111000000
10000001000111000000
01000001000111000000
11000001000111000000
00100001000111000000
10100001000111000000
01100001000111000000
00000000100111000000
10000000100111000000
01000000100111000000
11000000100111000000
00100000100111000000
10100000100111000000
01100000100111000000
00000000010111000000
10000000010111000000
01000000010111000000
11000000010111000000
00100000010111000000
10100000010111000000
01100000010111000000
00010000010111000000
10010000010111000000
01010000010111000000
00000000001111000000
10000000001111000000
01000000001111000000
11000000001111000000
00100000001111000000
10100000001111000000
01100000001111000000
00010000001111000000
10010000001111000000
01010000001111000000
00001000001111000000
10001000001111000000
01001000001111000000
00000100001111000000
10000100001111000000
01000100001111000000
00000010001111000000
10000010001111000000
01000010001111000000
11000010001111000000
11100000000000100000
11010000000000100000
11001000000000100000
11000100000000100000
01100010000000100000
11100010000000100000
11100001000000100000
11100000100000100000
11100000010000100000
11010000010000100000
11100000001000100000
11010000001000100000
11001000001000100000
11000100001000100000
11100000000100100000
11010000000100100000
11001000000100100000
11000100000100100000
01100010000100100000
11100010000100100000
11100001000100100000
11100000000010100000
11010000000010100000
11001000000010100000
11000100000010100000
01100010000010100000
11100010000010100000
11100001000010100000
11100000100010100000
11100000010010100000
11010000010010100000
11100000001010100000
11010000001010100000
11001000001010100000
11100000000110100000
11010000000110100000
11001000000110100000
11000100000110100000
01100010000110100000
11100010000110100000
00000001000110100000
10000001000110100000
01000001000110100000
11000001000110100000
00100001000110100000
10100001000110100000
01100001000110100000
11100000000001100000
11010000000001100000
11001000000001100000
11000100000001100000
01100010000001100000
11100010000001100000
11100001000001100000
11100000100001100000
11100000010001100000
11010000010001100000
11100000001001100000
11010000001001100000
11001000001001100000
11100000000101100000
11010000000101100000
11001000000101100000
11000100000101100000
01100010000101100000
11100010000101100000
11100001000101100000
11100000000011100000
11010000000011100000
11001000000011100000
11000100000011100000
01100010000011100000
11100010000011100000
11100001000011100000
00000000100011100000
10000000100011100000
01000000100011100000
11000000100011100000
00100000100011100000
10100000100011100000
01100000100011100000
00010000100011100000
00000000010011100000
10000000010011100000
01000000010011100000
11000000010011100000
00100000010011100000
10100000010011100000
01100000010011100000
00010000010011100000
10010000010011100000
01010000010011100000
00000000001011100000
10000000001011100000
01000000001011100000
11000000001011100000
00100000001011100000
10100000001011100000
01100000001011100000
00010000001011100000
10010000001011100000
01010000001011100000
00001000001011100000
10001000001011100000
01001000001011100000
00000000000111100000
10000000000111100000
01000000000111100000
11000000000111100000
00100000000111100000
10100000000111100000
01100000000111100000
00010000000111100000
10010000000111100000
01010000000111100000
00001000000111100000
10001000000111100000
01001000000111100000
00000100000111100000
10000100000111100000
01000100000111100000
00000010000111100000
10000010000111100000
01000010000111100000
11000010000111100000
00100010000111100000
10100010000111100000
00000001000111100000
10000001000111100000
01000001000111100000
11000001000111100000
00100001000111100000
10100001000111100000
01100001000111100000
11100000000000010000
11010000000000010000
11001000000000010000
11000100000000010000
01100010000000010000
11100010000000010000
11100001000000010000
11100000100000010000
11100000010000010000
11010000010000010000
11100000001000010000
11010000001000010000
11001000001000010000
11000100001000010000
11100000000100010000
11010000000100010000
11001000000100010000
11000100000100010000
01100010000100010000
11100010000100010000
11100001000100010000
11100000000010010000
11010000000010010000
11001000000010010000
11000100000010010000
01100010000010010000
11100010000010010000
11100001000010010000
11100000100010010000
11100000000001010000
11010000000001010000
11001000000001010000
11000100000001010000
01100010000001010000
11100010000001010000
11100001000001010000
11100000100001010000
11100000010001010000
11010000010001010000
11100000001001010000
11010000001001010000
11001000001001010000
11100000000101010000
11010000000101010000
11001000000101010000
11000100000101010000
11100000000011010000
11010000000011010000
11001000000011010000
11000100000011010000
01100010000011010000
11100010000011010000
11100001000011010000
00000000100011010000
10000000100011010000
01000000100011010000
11000000100011010000
00100000100011010000
10100000100011010000
01100000100011010000
00010000100011010000
11100000000000110000
11010000000000110000
11001000000000110000
11000100000000110000
01100010000000110000
11100010000000110000
11100001000000110000
11100000100000110000
11100000010000110000
11010000010000110000
11100000001000110000
11010000001000110000
11001000001000110000
11000100001000110000
11100000000100110000
11010000000100110000
11001000000100110000
11000100000100110000
11100000000010110000
11010000000010110000
11001000000010110000
11000100000010110000
01100010000010110000
11100010000010110000
11100001000010110000
11100000100010110000
11100000000001110000
11010000000001110000
11001000000001110000
11000100000001110000
01100010000001110000
11100010000001110000
11100001000001110000
11100000100001110000
00000000010001110000
10000000010001110000
01000000010001110000
11000000010001110000
00100000010001110000
10100000010001110000
01100000010001110000
00010000010001110000
10010000010001110000
01010000010001110000
00001000010001110000
10001000010001110000
00000000001001110000
10000000001001110000
01000000001001110000
11000000001001110000
00100000001001110000
10100000001001110000
01100000001001110000
00010000001001110000
10010000001001110000
01010000001001110000
00001000001001110000
10001000001001110000
01001000001001110000
00000000000101110000
10000000000101110000
01000000000101110000
11000000000101110000
00100000000101110000
10100000000101110000
01100000000101110000
00010000000101110000
10010000000101110000
01010000000101110000
00001000000101110000
10001000000101110000
01001000000101110000
00000100000101110000
10000100000101110000
01000100000101110000
00000000000011110000
10000000000011110000
01000000000011110000
11000000000011110000
00100000000011110000
10100000000011110000
01100000000011110000
00010000000011110000
10010000000011110000
01010000000011110000
00001000000011110000
10001000000011110000
01001000000011110000
00000100000011110000
10000100000011110000
01000100000011110000
00000010000011110000
10000010000011110000
01000010000011110000
11000010000011110000
00100010000011110000
10100010000011110000
00000001000011110000
10000001000011110000
01000001000011110000
11000001000011110000
00100001000011110000
10100001000011110000
01100001000011110000
00010001000011110000
00000000100011110000
10000000100011110000
01000000100011110000
11000000100011110000
00100000100011110000
10100000100011110000
01100000100011110000
00010000100011110000
11100000000000001000
11010000000000001000
11001000000000001000
11000100000000001000
01100010000000001000
11100010000000001000
11100001000000001000
11100000100000001000
11100000010000001000
11010000010000001000
11100000001000001000
11010000001000001000
11001000001000001000
11000100001000001000
11100000000100001000
11010000000100001000
11001000000100001000
11000100000100001000
01100010000100001000
11100010000100001000
11100001000100001000
11100000000010001000
11010000000010001000
11001000000010001000
11000100000010001000
01100010000010001000
11100010000010001000
11100001000010001000
11100000100010001000
11100000000001001000
11010000000001001000
11001000000001001000
11000100000001001000
01100010000001001000
11100010000001001000
11100001000001001000
11100000100001001000
11100000010001001000
11010000010001001000
11100000000000101000
11010000000000101000
11001000000000101000
11000100000000101000
01100010000000101000
11100010000000101000
11100001000000101000
11100000100000101000
11100000010000101000
11010000010000101000
11100000001000101000
11010000001000101000
11001000001000101000
11000100001000101000
11100000000100101000
11010000000100101000
11001000000100101000
11000100000100101000
11100000000010101000
11010000000010101000
11001000000010101000
11000100000010101000
01100010000010101000
11100010000010101000
11100000000001101000
11010000000001101000
11001000000001101000
11000100000001101000
01100010000001101000
11100010000001101000
11100001000001101000
11100000100001101000
00000000010001101000
10000000010001101000
01000000010001101000
11000000010001101000
00100000010001101000
10100000010001101000
01100000010001101000
00010000010001101000
10010000010001101000
01010000010001101000
00001000010001101000
10001000010001101000
11100000000000011000
11010000000000011000
11001000000000011000
11000100000000011000
01100010000000011000
11100010000000011000
11100001000000011000
11100000100000011000
11100000010000011000
11010000010000011000
11100000001000011000
11010000001000011000
11001000001000011000
11000100001000011000
11100000000100011000
11010000000100011000
11001000000100011000
11000100000100011000
01100010000100011000
11100010000100011000
11100000000010011000
11010000000010011000
11001000000010011000
11000100000010011000
01100010000010011000
11100010000010011000
11100000000001011000
11010000000001011000
11001000000001011000
11000100000001011000
01100010000001011000
11100010000001011000
11100001000001011000
11100000100001011000
11100000010001011000
11010000010001011000
11100000000000111000
11010000000000111000
11001000000000111000
11000100000000111000
01100010000000111000
11100010000000111000
11100001000000111000
11100000100000111000
11100000010000111000
11010000010000111000
00000000001000111000
10000000001000111000
01000000001000111000
11000000001000111000
00100000001000111000
10100000001000111000
01100000001000111000
00010000001000111000
10010000001000111000
01010000001000111000
00001000001000111000
10001000001000111000
01001000001000111000
00000100001000111000
10000100001000111000
01000100001000111000
00000000000100111000
10000000000100111000
01000000000100111000
11000000000100111000
00100000000100111000
10100000000100111000
01100000000100111000
00010000000100111000
10010000000100111000
01010000000100111000
00001000000100111000
10001000000100111000
01001000000100111000
00000100000100111000
10000100000100111000
01000100000100111000
00000000000010111000
10000000000010111000
01000000000010111000
11000000000010111000
00100000000010111000
10100000000010111000
01100000000010111000
00010000000010111000
10010000000010111000
01010000000010111000
00001000000010111000
10001000000010111000
01001000000010111000
00000100000010111000
10000100000010111000
01000100000010111000
00000010000010111000
10000010000010111000
01000010000010111000
11000010000010111000
00100010000010111000
10100010000010111000
00000000000001111000
10000000000001111000
01000000000001111000
11000000000001111000
00100000000001111000
10100000000001111000
01100000000001111000
00010000000001111000
10010000000001111000
01010000000001111000
00001000000001111000
10001000000001111000
01001000000001111000
00000100000001111000
10000100000001111000
01000100000001111000
00000010000001111000
10000010000001111000
01000010000001111000
11000010000001111000
00100010000001111000
10100010000001111000
00000001000001111000
10000001000001111000
01000001000001111000
11000001000001111000
00100001000001111000
10100001000001111000
01100001000001111000
00010001000001111000
00000000100001111000
10000000100001111000
01000000100001111000
11000000100001111000
00100000100001111000
10100000100001111000
01100000100001111000
00010000100001111000
00001000100001111000
00000000010001111000
10000000010001111000
01000000010001111000
11000000010001111000
00100000010001111000
10100000010001111000
01100000010001111000
00010000010001111000
10010000010001111000
01010000010001111000
00001000010001111000
10001000010001111000
11100000000000000100
11010000000000000100
11001000000000000100
11000100000000000100
01100010000000000100
11100010000000000100
11100001000000000100
11100000100000000100
11100000010000000100
11010000010000000100
11100000001000000100
11010000001000000100
11001000001000000100
11000100001000000100
11100000000100000100
11010000000100000100
11001000000100000100
11000100000100000100
01100010000100000100
11100010000100000100
11100001000100000100
11100000000010000100
11010000000010000100
11001000000010000100
11000100000010000100
01100010000010000100
11100010000010000100
11100001000010000100
11100000100010000100
11100000000001000100
11010000000001000100
11001000000001000100
11000100000001000100
01100010000001000100
11100010000001000100
11100001000001000100
11100000100001000100
11100000010001000100
11010000010001000100
11100000000000100100
11010000000000100100
11001000000000100100
11000100000000100100
01100010000000100100
11100010000000100100
11100001000000100100
11100000100000100100
11100000010000100100
11010000010000100100
11100000001000100100
11010000001000100100
11001000001000100100
11000100001000100100
11100000000000010100
11010000000000010100
11001000000000010100
11000100000000010100
01100010000000010100
11100010000000010100
11100001000000010100
11100000100000010100
11100000010000010100
11010000010000010100
11100000001000010100
11010000001000010100
11001000001000010100
11000100001000010100
11100000000100010100
11010000000100010100
11001000000100010100
11000100000100010100
01100010000100010100
11100010000100010100
11100000000010010100
11010000000010010100
11001000000010010100
11000100000010010100
01100010000010010100
11100010000010010100
11100000000001010100
11010000000001010100
11001000000001010100
11000100000001010100
01100010000001010100
11100010000001010100
11100001000001010100
11100000000000110100
11010000000000110100
11001000000000110100
11000100000000110100
01100010000000110100
11100010000000110100
11100001000000110100
11100000100000110100
11100000010000110100
11010000010000110100
00000000001000110100
10000000001000110100
01000000001000110100
11000000001000110100
00100000001000110100
10100000001000110100
01100000001000110100
00010000001000110100
10010000001000110100
01010000001000110100
00001000001000110100
10001000001000110100
01001000001000110100
00000100001000110100
10000100001000110100
01000100001000110100
11100000000000001100
11010000000000001100
11001000000000001100
11000100000000001100
01100010000000001100
11100010000000001100
11100001000000001100
11100000100000001100
11100000010000001100
11010000010000001100
11100000001000001100
11010000001000001100
11001000001000001100
11000100001000001100
11100000000100001100
11010000000100001100
11001000000100001100
11000100000100001100
01100010000100001100
11100010000100001100
11100001000100001100
11100000000010001100
11010000000010001100
11001000000010001100
11000100000010001100
01100010000010001100
11100010000010001100
11100001000010001100
11100000000001001100
11010000000001001100
11001000000001001100
11000100000001001100
01100010000001001100
11100010000001001100
11100001000001001100
11100000000000101100
11010000000000101100
11001000000000101100
11000100000000101100
01100010000000101100
11100010000000101100
11100001000000101100
11100000100000101100
11100000010000101100
11010000010000101100
11100000001000101100
11010000001000101100
11001000001000101100
11000100001000101100
11100000000000011100
11010000000000011100
11001000000000011100
11000100000000011100
01100010000000011100
11100010000000011100
11100001000000011100
11100000100000011100
11100000010000011100
11010000010000011100
11100000001000011100
11010000001000011100
11001000001000011100
11000100001000011100
00000000000100011100
10000000000100011100
01000000000100011100
11000000000100011100
00100000000100011100
10100000000100011100
01100000000100011100
00010000000100011100
10010000000100011100
01010000000100011100
00001000000100011100
10001000000100011100
01001000000100011100
00000100000100011100
10000100000100011100
01000100000100011100
00000010000100011100
10000010000100011100
01000010000100011100
11000010000100011100
00100010000100011100
10100010000100011100
00000000000010011100
10000000000010011100
01000000000010011100
11000000000010011100
00100000000010011100
10100000000010011100
01100000000010011100
00010000000010011100
10010000000010011100
01010000000010011100
00001000000010011100
10001000000010011100
01001000000010011100
00000100000010011100
10000100000010011100
01000100000010011100
00000010000010011100
10000010000010011100
01000010000010011100
11000010000010011100
00100010000010011100
10100010000010011100
00000000000001011100
10000000000001011100
01000000000001011100
11000000000001011100
00100000000001011100
10100000000001011100
01100000000001011100
00010000000001011100
10010000000001011100
01010000000001011100
00001000000001011100
10001000000001011100
01001000000001011100
00000100000001011100
10000100000001011100
01000100000001011100
00000010000001011100
10000010000001011100
01000010000001011100
11000010000001011100
00100010000001011100
10100010000001011100
00000001000001011100
10000001000001011100
01000001000001011100
11000001000001011100
00100001000001011100
10100001000001011100
01100001000001011100
00010001000001011100
00000000000000111100
10000000000000111100
01000000000000111100
11000000000000111100
00100000000000111100
10100000000000111100
01100000000000111100
00010000000000111100
10010000000000111100
01010000000000111100
00001000000000111100
10001000000000111100
01001000000000111100
00000100000000111100
10000100000000111100
01000100000000111100
00000010000000111100
10000010000000111100
01000010000000111100
11000010000000111100
00100010000000111100
10100010000000111100
00000001000000111100
10000001000000111100
01000001000000111100
11000001000000111100
00100001000000111100
10100001000000111100
01100001000000111100
00010001000000111100
00000000100000111100
10000000100000111100
01000000100000111100
11000000100000111100
00100000100000111100
10100000100000111100
01100000100000111100
00010000100000111100
00001000100000111100
00000000010000111100
10000000010000111100
01000000010000111100
11000000010000111100
00100000010000111100
10100000010000111100
01100000010000111100
00010000010000111100
10010000010000111100
01010000010000111100
00001000010000111100
10001000010000111100
00000100010000111100
10000100010000111100
00000000001000111100
10000000001000111100
01000000001000111100
11000000001000111100
00100000001000111100
10100000001000111100
01100000001000111100
00010000001000111100
10010000001000111100
01010000001000111100
00001000001000111100
10001000001000111100
01001000001000111100
00000100001000111100
10000100001000111100
01000100001000111100
11100000000000000010
11010000000000000010
11001000000000000010
11000100000000000010
01100010000000000010
11100010000000000010
11100001000000000010
11100000100000000010
11100000010000000010
11010000010000000010
11100000001000000010
11010000001000000010
11001000001000000010
11000100001000000010
11100000000100000010
11010000000100000010
11001000000100000010
11000100000100000010
01100010000100000010
11100010000100000010
11100001000100000010
11100000000010000010
11010000000010000010
11001000000010000010
11000100000010000010
01100010000010000010
11100010000010000010
11100001000010000010
11100000100010000010
11100000000001000010
11010000000001000010
11001000000001000010
11000100000001000010
01100010000001000010
11100010000001000010
11100001000001000010
11100000100001000010
11100000010001000010
11010000010001000010
11100000000000100010
11010000000000100010
11001000000000100010
11000100000000100010
01100010000000100010
11100010000000100010
11100001000000100010
11100000100000100010
11100000010000100010
11010000010000100010
11100000001000100010
11010000001000100010
11001000001000100010
11000100001000100010
11100000000000010010
11010000000000010010
11001000000000010010
11000100000000010010
01100010000000010010
11100010000000010010
11100001000000010010
11100000100000010010
11100000010000010010
11010000010000010010
11100000001000010010
11010000001000010010
11001000001000010010
11000100001000010010
11100000000100010010
11010000000100010010
11001000000100010010
11000100000100010010
01100010000100010010
11100010000100010010
11100000000000001010
11010000000000001010
11001000000000001010
11000100000000001010
01100010000000001010
11100010000000001010
11100001000000001010
11100000100000001010
11100000010000001010
11010000010000001010
11100000001000001010
11010000001000001010
11001000001000001010
11000100001000001010
11100000000100001010
11010000000100001010
11001000000100001010
11000100000100001010
01100010000100001010
11100010000100001010
11100001000100001010
11100000000010001010
11010000000010001010
11001000000010001010
11000100000010001010
01100010000010001010
11100010000010001010
11100001000010001010
11100000000001001010
11010000000001001010
11001000000001001010
11000100000001001010
01100010000001001010
11100010000001001010
11100001000001001010
11100000000000101010
11010000000000101010
11001000000000101010
11000100000000101010
01100010000000101010
11100010000000101010
11100001000000101010
11100000100000101010
11100000000000011010
11010000000000011010
11001000000000011010
11000100000000011010
01100010000000011010
11100010000000011010
11100001000000011010
11100000100000011010
11100000010000011010
11010000010000011010
11100000001000011010
11010000001000011010
11001000001000011010
11000100001000011010
00000000000100011010
10000000000100011010
01000000000100011010
11000000000100011010
00100000000100011010
10100000000100011010
01100000000100011010
00010000000100011010
10010000000100011010
01010000000100011010
00001000000100011010
10001000000100011010
01001000000100011010
00000100000100011010
10000100000100011010
01000100000100011010
00000010000100011010
10000010000100011010
01000010000100011010
11000010000100011010
00100010000100011010
10100010000100011010
11100000000000000110
11010000000000000110
11001000000000000110
11000100000000000110
01100010000000000110
11100010000000000110
11100001000000000110
11100000100000000110
11100000010000000110
11010000010000000110
11100000001000000110
11010000001000000110
11001000001000000110
11000100001000000110
11100000000100000110
11010000000100000110
11001000000100000110
11000100000100000110
01100010000100000110
11100010000100000110
11100001000100000110
11100000000010000110
11010000000010000110
11001000000010000110
11000100000010000110
01100010000010000110
11100010000010000110
11100001000010000110
11100000100010000110
11100000000001000110
11010000000001000110
11001000000001000110
11000100000001000110
01100010000001000110
11100010000001000110
11100001000001000110
11100000100001000110
11100000000000100110
11010000000000100110
11001000000000100110
11000100000000100110
01100010000000100110
11100010000000100110
11100001000000100110
11100000100000100110
11100000000000010110
11010000000000010110
11001000000000010110
11000100000000010110
01100010000000010110
11100010000000010110
11100001000000010110
11100000100000010110
11100000010000010110
11010000010000010110
11100000001000010110
11010000001000010110
11001000001000010110
11000100001000010110
11100000000100010110
11010000000100010110
11001000000100010110
11000100000100010110
01100010000100010110
11100010000100010110
11100000000000001110
11010000000000001110
11001000000000001110
11000100000000001110
01100010000000001110
11100010000000001110
11100001000000001110
11100000100000001110
11100000010000001110
11010000010000001110
11100000001000001110
11010000001000001110
11001000001000001110
11000100001000001110
11100000000100001110
11010000000100001110
11001000000100001110
11000100000100001110
01100010000100001110
11100010000100001110
11100001000100001110
00000000000010001110
10000000000010001110
01000000000010001110
11000000000010001110
00100000000010001110
10100000000010001110
01100000000010001110
00010000000010001110
10010000000010001110
01010000000010001110
00001000000010001110
10001000000010001110
01001000000010001110
00000100000010001110
10000100000010001110
01000100000010001110
00000010000010001110
10000010000010001110
01000010000010001110
11000010000010001110
00100010000010001110
10100010000010001110
00000001000010001110
10000001000010001110
01000001000010001110
11000001000010001110
00100001000010001110
10100001000010001110
01100001000010001110
00010001000010001110
00000000000001001110
10000000000001001110
01000000000001001110
11000000000001001110
00100000000001001110
10100000000001001110
01100000000001001110
00010000000001001110
10010000000001001110
01010000000001001110
00001000000001001110
10001000000001001110
01001000000001001110
00000100000001001110
10000100000001001110
01000100000001001110
00000010000001001110
10000010000001001110
01000010000001001110
11000010000001001110
00100010000001001110
10100010000001001110
00000001000001001110
10000001000001001110
01000001000001001110
11000001000001001110
00100001000001001110
10100001000001001110
01100001000001001110
00010001000001001110
00000000000000101110
10000000000000101110
01000000000000101110
11000000000000101110
00100000000000101110
10100000000000101110
01100000000000101110
00010000000000101110
10010000000000101110
01010000000000101110
00001000000000101110
10001000000000101110
01001000000000101110
00000100000000101110
10000100000000101110
01000100000000101110
00000010000000101110
10000010000000101110
01000010000000101110
11000010000000101110
00100010000000101110
10100010000000101110
00000001000000101110
10000001000000101110
01000001000000101110
11000001000000101110
00100001000000101110
10100001000000101110
01100001000000101110
00010001000000101110
00000000100000101110
10000000100000101110
01000000100000101110
11000000100000101110
00100000100000101110
10100000100000101110
01100000100000101110
00010000100000101110
00001000100000101110
00000000000000011110
10000000000000011110
01000000000000011110
11000000000000011110
00100000000000011110
10100000000000011110
01100000000000011110
00010000000000011110
10010000000000011110
01010000000000011110
00001000000000011110
10001000000000011110
01001000000000011110
00000100000000011110
10000100000000011110
01000100000000011110
00000010000000011110
10000010000000011110
01000010000000011110
11000010000000011110
00100010000000011110
10100010000000011110
00000001000000011110
10000001000000011110
01000001000000011110
11000001000000011110
00100001000000011110
10100001000000011110
01100001000000011110
00010001000000011110
00000000100000011110
10000000100000011110
01000000100000011110
11000000100000011110
00100000100000011110
10100000100000011110
01100000100000011110
00010000100000011110
00001000100000011110
00000000010000011110
10000000010000011110
01000000010000011110
11000000010000011110
00100000010000011110
10100000010000011110
01100000010000011110
00010000010000011110
10010000010000011110
01010000010000011110
00001000010000011110
10001000010000011110
00000100010000011110
10000100010000011110
00000000001000011110
10000000001000011110
01000000001000011110
11000000001000011110
00100000001000011110
10100000001000011110
01100000001000011110
00010000001000011110
10010000001000011110
01010000001000011110
00001000001000011110
10001000001000011110
01001000001000011110
00000100001000011110
10000100001000011110
01000100001000011110
00000010001000011110
10000010001000011110
01000010001000011110
11000010001000011110
00000000000100011110
10000000000100011110
01000000000100011110
11000000000100011110
00100000000100011110
10100000000100011110
01100000000100011110
00010000000100011110
10010000000100011110
01010000000100011110
00001000000100011110
10001000000100011110
01001000000100011110
00000100000100011110
10000100000100011110
01000100000100011110
00000010000100011110
10000010000100011110
01000010000100011110
11000010000100011110
00100010000100011110
10100010000100011110
11100000000000000001
11010000000000000001
11001000000000000001
11000100000000000001
01100010000000000001
11100010000000000001
11100001000000000001
11100000100000000001
11100000010000000001
11010000010000000001
11100000001000000001
11010000001000000001
11001000001000000001
11000100001000000001
11100000000100000001
11010000000100000001
11001000000100000001
11000100000100000001
01100010000100000001
11100010000100000001
11100001000100000001
11100000000010000001
11010000000010000001
11001000000010000001
11000100000010000001
01100010000010000001
11100010000010000001
11100001000010000001
11100000100010000001
11100000000001000001
11010000000001000001
11001000000001000001
11000100000001000001
01100010000001000001
11100010000001000001
11100001000001000001
11100000100001000001
11100000010001000001
11010000010001000001
11100000000000100001
11010000000000100001
11001000000000100001
11000100000000100001
01100010000000100001
11100010000000100001
11100001000000100001
11100000100000100001
11100000010000100001
11010000010000100001
11100000001000100001
11010000001000100001
11001000001000100001
11000100001000100001
11100000000000010001
11010000000000010001
11001000000000010001
11000100000000010001
01100010000000010001
11100010000000010001
11100001000000010001
11100000100000010001
11100000010000010001
11010000010000010001
11100000001000010001
11010000001000010001
11001000001000010001
11000100001000010001
11100000000100010001
11010000000100010001
11001000000100010001
11000100000100010001
01100010000100010001
11100010000100010001
11100000000000001001
11010000000000001001
11001000000000001001
11000100000000001001
01100010000000001001
11100010000000001001
11100001000000001001
11100000100000001001
11100000010000001001
11010000010000001001
11100000001000001001
11010000001000001001
11001000001000001001
11000100001000001001
11100000000100001001
11010000000100001001
11001000000100001001
11000100000100001001
01100010000100001001
11100010000100001001
11100001000100001001
11100000000010001001
11010000000010001001
11001000000010001001
11000100000010001001
01100010000010001001
11100010000010001001
11100001000010001001
11100000000000000101
11010000000000000101
11001000000000000101
11000100000000000101
01100010000000000101
11100010000000000101
11100001000000000101
11100000100000000101
11100000010000000101
11010000010000000101
11100000001000000101
11010000001000000101
11001000001000000101
11000100001000000101
11100000000100000101
11010000000100000101
11001000000100000101
11000100000100000101
01100010000100000101
11100010000100000101
11100001000100000101
11100000000010000101
11010000000010000101
11001000000010000101
11000100000010000101
01100010000010000101
11100010000010000101
11100001000010000101
11100000100010000101
11100000000001000101
11010000000001000101
11001000000001000101
11000100000001000101
01100010000001000101
11100010000001000101
11100001000001000101
11100000100001000101
11100000000000100101
11010000000000100101
11001000000000100101
11000100000000100101
01100010000000100101
11100010000000100101
11100001000000100101
11100000100000100101
11100000000000010101
11010000000000010101
11001000000000010101
11000100000000010101
01100010000000010101
11100010000000010101
11100001000000010101
11100000100000010101
11100000010000010101
11010000010000010101
11100000000000001101
11010000000000001101
11001000000000001101
11000100000000001101
01100010000000001101
11100010000000001101
11100001000000001101
11100000100000001101
11100000010000001101
11010000010000001101
11100000001000001101
11010000001000001101
11001000001000001101
11000100001000001101
11100000000100001101
11010000000100001101
11001000000100001101
11000100000100001101
01100010000100001101
11100010000100001101
11100001000100001101
00000000000010001101
10000000000010001101
01000000000010001101
11000000000010001101
00100000000010001101
10100000000010001101
01100000000010001101
00010000000010001101
10010000000010001101
01010000000010001101
00001000000010001101
10001000000010001101
01001000000010001101
00000100000010001101
10000100000010001101
01000100000010001101
00000010000010001101
10000010000010001101
01000010000010001101
11000010000010001101
00100010000010001101
10100010000010001101
00000001000010001101
10000001000010001101
01000001000010001101
11000001000010001101
00100001000010001101
10100001000010001101
01100001000010001101
00010001000010001101
11100000000000000011
11010000000000000011
11001000000000000011
11000100000000000011
01100010000000000011
11100010000000000011
11100001000000000011
11100000100000000011
11100000010000000011
11010000010000000011
11100000001000000011
11010000001000000011
11001000001000000011
11000100001000000011
11100000000100000011
11010000000100000011
11001000000100000011
11000100000100000011
01100010000100000011
11100010000100000011
11100001000100000011
11100000000010000011
11010000000010000011
11001000000010000011
11000100000010000011
01100010000010000011
11100010000010000011
11100001000010000011
11100000100010000011
11100000000001000011
11010000000001000011
11001000000001000011
11000100000001000011
01100010000001000011
11100010000001000011
11100001000001000011
11100000100001000011
11100000010001000011
11010000010001000011
11100000000000100011
11010000000000100011
11001000000000100011
11000100000000100011
01100010000000100011
11100010000000100011
11100001000000100011
11100000100000100011
11100000010000100011
11010000010000100011
11100000000000010011
11010000000000010011
11001000000000010011
11000100000000010011
01100010000000010011
11100010000000010011
11100001000000010011
11100000100000010011
11100000010000010011
11010000010000010011
11100000000000001011
11010000000000001011
11001000000000001011
11000100000000001011
01100010000000001011
11100010000000001011
11100001000000001011
11100000100000001011
11100000010000001011
11010000010000001011
11100000001000001011
11010000001000001011
11001000001000001011
11000100001000001011
11100000000100001011
11010000000100001011
11001000000100001011
11000100000100001011
01100010000100001011
11100010000100001011
11100001000100001011
11100000000010001011
11010000000010001011
11001000000010001011
11000100000010001011
01100010000010001011
11100010000010001011
11100001000010001011
11100000000000000111
11010000000000000111
11001000000000000111
11000100000000000111
01100010000000000111
11100010000000000111
11100001000000000111
11100000100000000111
11100000010000000111
11010000010000000111
11100000001000000111
11010000001000000111
11001000001000000111
11000100001000000111
11100000000100000111
11010000000100000111
11001000000100000111
11000100000100000111
01100010000100000111
11100010000100000111
11100001000100000111
11100000000010000111
11010000000010000111
11001000000010000111
11000100000010000111
01100010000010000111
11100010000010000111
11100001000010000111
11100000100010000111
00000000000001000111
10000000000001000111
01000000000001000111
11000000000001000111
00100000000001000111
10100000000001000111
01100000000001000111
00010000000001000111
10010000000001000111
01010000000001000111
00001000000001000111
10001000000001000111
01001000000001000111
00000100000001000111
10000100000001000111
01000100000001000111
00000010000001000111
10000010000001000111
01000010000001000111
11000010000001000111
00100010000001000111
10100010000001000111
00000001000001000111
10000001000001000111
01000001000001000111
11000001000001000111
00100001000001000111
10100001000001000111
01100001000001000111
00010001000001000111
00000000100001000111
10000000100001000111
01000000100001000111
11000000100001000111
00100000100001000111
10100000100001000111
01100000100001000111
00010000100001000111
00001000100001000111
00000000000000100111
10000000000000100111
01000000000000100111
11000000000000100111
00100000000000100111
10100000000000100111
01100000000000100111
00010000000000100111
10010000000000100111
01010000000000100111
00001000000000100111
10001000000000100111
01001000000000100111
00000100000000100111
10000100000000100111
01000100000000100111
00000010000000100111
10000010000000100111
01000010000000100111
11000010000000100111
00100010000000100111
10100010000000100111
00000001000000100111
10000001000000100111
01000001000000100111
11000001000000100111
00100001000000100111
10100001000000100111
01100001000000100111
00010001000000100111
00000000100000100111
10000000100000100111
01000000100000100111
11000000100000100111
00100000100000100111
10100000100000100111
01100000100000100111
00010000100000100111
00001000100000100111
00000000000000010111
10000000000000010111
01000000000000010111
11000000000000010111
00100000000000010111
10100000000000010111
01100000000000010111
00010000000000010111
10010000000000010111
01010000000000010111
00001000000000010111
10001000000000010111
01001000000000010111
00000100000000010111
10000100000000010111
01000100000000010111
00000010000000010111
10000010000000010111
01000010000000010111
11000010000000010111
00100010000000010111
10100010000000010111
00000001000000010111
10000001000000010111
01000001000000010111
11000001000000010111
00100001000000010111
10100001000000010111
01100001000000010111
00010001000000010111
00000000100000010111
10000000100000010111
01000000100000010111
11000000100000010111
00100000100000010111
10100000100000010111
01100000100000010111
00010000100000010111
00001000100000010111
00000000010000010111
10000000010000010111
01000000010000010111
11000000010000010111
00100000010000010111
10100000010000010111
01100000010000010111
00010000010000010111
10010000010000010111
01010000010000010111
00001000010000010111
10001000010000010111
00000100010000010111
10000100010000010111
00000000000000001111
10000000000000001111
01000000000000001111
11000000000000001111
00100000000000001111
10100000000000001111
01100000000000001111
00010000000000001111
10010000000000001111
01010000000000001111
00001000000000001111
10001000000000001111
01001000000000001111
00000100000000001111
10000100000000001111
01000100000000001111
00000010000000001111
10000010000000001111
01000010000000001111
11000010000000001111
00100010000000001111
10100010000000001111
00000001000000001111
10000001000000001111
01000001000000001111
11000001000000001111
00100001000000001111
10100001000000001111
01100001000000001111
00010001000000001111
00000000100000001111
10000000100000001111
01000000100000001111
11000000100000001111
00100000100000001111
10100000100000001111
01100000100000001111
00010000100000001111
00001000100000001111
00000000010000001111
10000000010000001111
01000000010000001111
11000000010000001111
00100000010000001111
10100000010000001111
01100000010000001111
00010000010000001111
10010000010000001111
01010000010000001111
00001000010000001111
10001000010000001111
00000100010000001111
10000100010000001111
00000000001000001111
10000000001000001111
01000000001000001111
11000000001000001111
00100000001000001111
10100000001000001111
01100000001000001111
00010000001000001111
10010000001000001111
01010000001000001111
00001000001000001111
10001000001000001111
01001000001000001111
00000100001000001111
10000100001000001111
01000100001000001111
00000010001000001111
10000010001000001111
01000010001000001111
11000010001000001111
00000000000100001111
10000000000100001111
01000000000100001111
11000000000100001111
00100000000100001111
10100000000100001111
01100000000100001111
00010000000100001111
10010000000100001111
01010000000100001111
00001000000100001111
10001000000100001111
01001000000100001111
00000100000100001111
10000100000100001111
01000100000100001111
00000010000100001111
10000010000100001111
01000010000100001111
11000010000100001111
00100010000100001111
10100010000100001111
00000001000100001111
10000001000100001111
01000001000100001111
11000001000100001111
00100001000100001111
10100001000100001111
01100001000100001111
00000000000010001111
10000000000010001111
01000000000010001111
11000000000010001111
00100000000010001111
10100000000010001111
01100000000010001111
00010000000010001111
10010000000010001111
01010000000010001111
00001000000010001111
10001000000010001111
01001000000010001111
00000100000010001111
10000100000010001111
01000100000010001111
00000010000010001111
10000010000010001111
01000010000010001111
11000010000010001111
00100010000010001111
10100010000010001111
00000001000010001111
10000001000010001111
01000001000010001111
11000001000010001111
00100001000010001111
10100001000010001111
01100001000010001111
00010001000010001111
